


                                                          NEW Y:
[1.95 4.2  4.05 1.95 4.8  4.05 2.1  4.8  4.05 1.8  5.55 4.05 1.95 6.
 4.05 1.95 6.15 4.05 1.95 6.3  3.9  1.95 6.3  3.9  2.1  6.   3.9  2.1
 5.85 4.05]
[2.1  5.4  4.2  2.1  5.55 4.2  2.1  5.7  4.05 2.1  5.1  4.2  2.1  4.65
 4.05 2.1  4.8  4.2  2.1  4.95 4.2  2.1  4.95 4.2  2.1  4.8  4.2  2.1
 4.65 4.2 ]
[2.1  5.85 4.2  2.1  5.85 4.2  2.1  5.85 4.2  2.1  6.   4.2  2.1  6.3
 4.2  2.1  6.3  4.2  2.1  6.45 4.35 2.1  6.6  4.2  1.95 6.6  4.2  2.1
 6.6  4.2 ]
[2.1  3.75 4.35 2.1  3.3  4.35 2.1  3.45 4.35 1.95 3.6  4.2  2.1  3.45
 4.2  1.95 3.6  4.2  2.1  3.6  4.2  1.95 3.75 4.35 1.95 3.6  4.2  1.8
 3.75 4.2 ]
[1.95 5.85 4.2  2.1  6.15 4.35 2.1  6.15 4.2  2.1  6.15 4.2  2.1  6.
 4.2  2.1  5.55 4.2  2.1  5.4  4.2  2.1  5.4  4.2  2.25 5.4  4.2  2.1
 5.4  4.2 ]



                                                          NEW Y:
[1.35 3.75 3.75 1.5  3.75 3.75 1.8  3.9  3.75 1.65 3.6  3.75 1.95 3.3
 3.9  2.25 3.   3.9  2.25 3.3  3.9  2.4  3.   3.75 2.25 2.55 3.75 2.25
 2.4  3.75]
[1.8  2.7  3.75 1.95 2.85 3.9  1.95 3.9  3.75 1.8  4.05 3.9  1.8  3.
 3.75 1.65 2.25 3.9  1.65 2.55 3.9  1.65 1.95 3.9  1.8  2.25 3.9  1.65
 2.4  3.9 ]
[1.8  5.55 3.9  1.65 5.7  3.9  1.65 5.55 4.05 1.65 5.55 3.75 1.8  5.7
 3.75 2.1  5.4  3.75 1.65 5.4  3.75 1.8  5.1  3.9  1.35 5.1  4.05 1.35
 4.95 3.9 ]
[2.4  4.35 3.9  2.4  4.35 3.75 2.4  4.35 3.9  2.55 4.35 3.9  2.55 4.35
 3.9  2.7  4.2  3.9  2.7  4.35 3.9  2.85 4.2  4.05 2.85 4.35 4.05 2.85
 4.35 3.9 ]
[2.85 4.35 3.9  2.85 4.2  3.75 2.85 4.2  3.75 2.7  4.05 3.6  2.7  3.75
 3.75 1.95 3.75 3.6  1.95 4.05 3.75 2.1  4.05 3.75 1.8  4.35 3.75 2.1
 4.5  3.75]



                                                          NEW Y:
[0.82 1.05 2.17 0.75 1.05 2.17 0.75 1.05 2.17 0.68 0.9  2.1  0.75 0.98
 2.1  0.75 0.82 2.17 0.75 0.82 2.17 0.68 0.82 2.1  0.68 0.82 2.17 0.68
 0.82 2.1 ]
[1.12 0.82 2.1  1.12 0.82 2.1  1.12 0.82 2.1  1.12 0.9  2.1  1.12 0.9
 2.17 1.12 0.82 2.17 1.12 0.9  2.1  1.12 0.82 2.1  1.12 0.82 2.03 1.12
 0.82 2.03]
[1.05 1.73 2.17 1.2  1.65 2.17 1.27 1.73 2.17 1.2  1.73 2.17 1.2  1.65
 2.17 1.2  1.73 2.17 1.2  1.73 2.17 1.27 1.65 2.17 1.27 1.65 2.17 1.35
 1.65 2.17]
[1.2  0.9  2.25 1.2  0.68 2.25 1.2  1.2  2.17 1.2  1.05 2.17 1.12 1.35
 2.17 1.2  1.73 2.17 1.2  1.5  2.17 1.2  1.5  2.17 1.2  1.2  2.17 0.9
 0.52 2.17]
[0.75 0.3  2.17 0.75 0.3  2.1  0.75 0.3  2.1  0.75 0.3  2.1  0.75 0.22
 2.1  0.75 0.3  2.1  0.75 0.3  2.1  0.75 0.3  2.1  0.75 0.22 2.17 0.75
 0.22 2.17]



                                                          NEW Y:
[1.42 0.52 1.42 1.12 0.68 1.2  0.68 0.6  1.5  0.6  0.98 1.12 0.9  1.2
 0.52 1.2  1.2  3.15 1.27 1.2  1.42 1.42 1.2  0.9  1.12 1.2  1.27 1.12
 1.12 0.98]
[1.35 1.27 0.98 1.27 1.2  1.27 1.65 0.9  1.58 2.03 1.27 1.88 1.5  1.2
 1.27 0.98 0.82 1.95 0.98 1.65 2.62 2.33 1.5  1.58 1.2  0.82 1.05 0.98
 0.98 0.98]
[0.38 2.25 1.42 1.2  1.88 1.95 1.35 1.35 1.88 0.15 1.2  1.27 2.1  2.47
 1.2  3.75 1.35 4.12 0.98 1.2  1.05 4.2  1.27 1.65 1.35 0.98 1.95 2.4
 0.6  1.35]
[1.12 3.38 1.35 1.42 3.6  1.58 1.35 1.5  1.27 2.03 1.65 0.98 1.35 1.95
 2.47 0.98 3.08 1.8  0.75 2.17 0.82 3.53 1.65 0.98 1.35 2.85 1.5  2.1
 2.1  0.6 ]
[1.2  1.88 1.8  0.68 2.47 1.35 1.35 2.7  2.78 1.2  3.   2.25 0.98 2.33
 1.73 3.08 2.92 1.65 1.27 4.88 2.1  1.05 2.85 2.17 0.98 1.5  2.17 1.2
 1.8  1.8 ]



                                                          NEW Y:
[1.88 1.35 1.27 1.58 1.35 1.27 1.8  1.42 1.27 1.73 1.5  1.35 1.88 1.5
 1.35 1.88 1.5  1.35 1.88 1.5  1.35 1.88 1.42 1.2  1.8  1.42 1.2  1.88
 1.5  1.2 ]
[1.88 1.5  1.2  1.88 1.5  1.2  1.88 1.42 1.2  1.8  1.42 1.2  1.88 1.42
 1.2  1.88 1.42 1.2  1.88 1.42 1.2  1.88 1.5  1.12 1.88 1.42 1.12 1.88
 1.42 1.12]
[1.88 1.5  1.2  1.88 1.5  1.2  1.88 1.5  1.2  1.88 1.5  1.2  1.88 1.42
 1.2  1.88 1.5  1.27 1.88 1.5  1.2  1.88 1.5  1.27 1.88 1.42 1.35 1.88
 1.42 1.35]
[1.88 1.42 1.2  1.88 1.42 1.2  1.88 1.42 1.2  1.88 1.42 1.12 1.95 1.42
 1.2  1.88 1.42 1.2  1.88 1.42 1.2  1.8  1.35 1.2  1.88 1.42 1.2  1.88
 1.42 1.2 ]
[1.73 1.42 1.12 1.73 1.5  1.05 1.73 1.5  1.12 1.73 1.58 1.12 1.73 1.5
 1.2  1.8  1.5  1.2  1.8  1.5  1.2  1.8  1.5  1.2  1.88 1.5  1.2  1.95
 1.5  1.2 ]



                                                          NEW Y:
[1.88 1.27 1.73 1.88 1.27 1.5  1.88 1.27 1.2  1.88 1.2  1.12 1.8  1.2
 1.12 1.8  1.27 1.2  1.8  1.27 1.27 1.8  1.35 1.35 1.88 1.35 1.2  1.88
 1.35 1.2 ]
[1.95 1.35 1.12 1.95 1.35 1.12 1.95 1.35 0.98 1.88 1.35 1.05 1.95 1.35
 1.05 1.95 1.35 1.05 1.95 1.27 1.05 1.95 1.35 1.12 1.95 1.35 1.2  1.95
 1.35 1.2 ]
[1.73 1.35 1.12 1.73 1.35 1.2  1.73 1.35 1.27 1.73 1.35 1.2  1.73 1.35
 1.2  1.8  1.27 1.12 1.73 1.27 1.2  1.8  1.27 1.27 1.8  1.27 1.27 1.8
 1.2  1.12]
[2.03 1.27 1.27 2.03 1.2  1.35 2.03 1.2  1.27 1.95 1.27 1.35 2.03 1.2
 1.35 1.95 1.27 1.35 2.03 1.27 1.35 1.95 1.27 1.35 2.03 1.27 1.27 1.95
 1.27 1.35]
[2.03 1.27 1.2  1.95 1.27 1.2  1.95 1.27 1.2  1.95 1.27 1.2  1.95 1.35
 1.2  1.95 1.27 1.12 1.95 1.27 1.12 2.03 1.27 1.12 2.03 1.27 1.27 2.03
 1.27 1.12]



                                                          NEW Y:
[1.05 0.75 0.15 1.05 0.9  0.15 1.05 0.9  0.08 1.05 0.9  0.15 1.05 0.98
 0.22 1.05 0.98 0.08 1.05 0.9  0.08 1.05 1.05 0.15 1.05 1.05 0.22 1.05
 0.98 0.15]
[1.05 0.98 0.22 0.98 0.98 0.22 1.05 0.98 0.22 1.05 0.98 0.22 1.05 0.98
 0.22 1.05 0.98 0.22 0.98 1.05 0.22 1.05 1.05 0.22 0.98 0.98 0.22 0.98
 1.05 0.22]
[0.98 0.98 0.3  0.98 1.05 0.22 0.98 0.98 0.22 0.98 1.05 0.22 1.05 1.05
 0.3  0.98 1.05 0.3  1.05 1.05 0.3  0.98 0.98 0.3  0.98 1.05 0.3  0.98
 0.98 0.3 ]
[0.98 0.98 0.45 1.05 0.98 0.45 1.05 0.98 0.45 1.05 0.98 0.45 1.05 0.9
 0.52 1.05 0.9  0.52 0.98 0.9  0.52 0.98 0.9  0.45 1.05 0.9  0.45 1.05
 0.9  0.45]
[1.05 0.98 0.45 1.05 0.98 0.45 1.05 0.98 0.45 1.05 0.98 0.45 0.98 0.98
 0.38 1.05 0.98 0.45 1.05 0.98 0.45 1.05 0.98 0.52 1.05 0.98 0.45 1.05
 0.98 0.45]



                                                          NEW Y:
[1.12 1.05 0.52 1.2  1.05 0.52 1.2  0.98 0.45 1.12 0.98 0.45 1.12 0.9
 0.52 1.12 0.98 0.45 1.2  1.12 0.45 1.2  1.12 0.45 1.2  1.12 0.45 1.2
 1.12 0.45]
[1.2  1.12 0.3  1.2  1.2  0.3  1.12 1.12 0.3  1.2  1.12 0.3  1.2  1.2
 0.45 1.2  1.12 0.45 1.12 1.05 0.45 1.2  1.2  0.45 1.12 1.2  0.52 1.12
 1.12 0.52]
[1.2  1.05 0.45 1.2  1.12 0.45 1.27 1.05 0.38 1.2  1.12 0.38 1.2  1.12
 0.45 1.2  1.05 0.45 1.2  1.05 0.45 1.12 1.05 0.45 1.12 1.12 0.45 1.12
 1.12 0.45]
[1.12 1.05 0.3  1.12 1.05 0.3  1.12 1.05 0.38 1.12 1.05 0.38 1.12 1.12
 0.38 1.12 1.05 0.38 1.12 1.12 0.3  1.12 1.05 0.3  1.2  1.12 0.3  1.12
 1.05 0.22]
[1.12 1.12 0.38 1.05 1.12 0.15 1.05 1.12 0.22 1.12 1.12 0.38 1.12 1.12
 0.15 1.12 1.2  0.22 1.2  1.12 0.38 1.2  1.12 0.38 1.2  1.12 0.45 1.2
 1.12 0.52]



                                                          NEW Y:
[1.05 0.82 0.22 1.05 0.82 0.22 1.12 0.82 0.22 1.05 0.82 0.22 1.12 0.9
 0.22 1.05 0.9  0.22 1.12 0.9  0.3  1.05 0.9  0.3  1.05 0.9  0.22 1.05
 0.82 0.3 ]
[1.05 0.82 0.3  1.05 0.82 0.22 1.05 0.82 0.15 1.12 0.82 0.15 1.12 0.82
 0.15 1.12 0.82 0.15 1.12 0.82 0.15 1.12 0.9  0.08 1.12 0.98 0.08 1.12
 0.9  0.15]
[1.12 0.9  0.3  1.12 0.82 0.22 1.05 0.9  0.22 1.05 0.9  0.22 1.12 0.82
 0.08 1.12 0.9  0.15 1.05 0.9  0.15 1.12 0.98 0.15 1.12 0.9  0.08 1.05
 0.9  0.08]
[1.12 0.82 0.22 1.12 0.82 0.22 1.12 0.82 0.22 1.12 0.82 0.15 1.12 0.82
 0.15 1.12 0.82 0.15 1.12 0.9  0.15 1.12 0.82 0.15 1.12 0.82 0.22 1.12
 0.9  0.22]
[1.12 0.82 0.15 1.12 0.9  0.15 1.12 0.9  0.15 1.12 0.9  0.15 1.12 0.82
 0.15 1.12 0.82 0.15 1.12 0.82 0.15 1.12 0.82 0.15 1.12 0.82 0.15 1.12
 0.82 0.15]



                                                          NEW Y:
[1.2  4.43 1.65 1.58 1.95 1.2  1.73 2.17 2.33 1.65 1.95 1.73 3.45 1.35
 1.95 3.22 2.33 2.03 2.92 1.88 1.65 1.65 2.47 2.25 0.9  2.4  1.8  3.53
 2.7  1.42]
[2.47 2.62 1.8  3.53 0.98 1.42 1.73 1.8  1.27 1.65 2.25 1.58 2.17 2.47
 1.95 1.58 1.73 1.65 1.58 1.42 2.17 2.25 1.65 1.58 3.   1.73 2.25 1.35
 1.27 1.8 ]
[1.73 2.17 2.85 0.9  2.03 1.95 1.5  1.27 1.95 1.12 2.1  2.7  2.85 1.42
 1.58 1.5  2.25 1.8  1.95 2.62 1.58 1.95 3.53 1.73 2.25 2.03 1.65 1.88
 2.47 1.42]
[1.27 1.35 4.05 2.25 1.65 1.95 2.1  1.8  1.88 2.1  1.05 0.6  0.98 2.17
 1.5  2.25 2.92 2.25 1.35 1.5  2.1  1.88 1.73 1.65 1.27 1.73 0.68 2.4
 1.27 1.27]
[2.25 2.25 1.27 1.58 1.35 1.35 2.47 0.68 2.78 2.92 1.58 1.5  2.4  2.55
 1.12 1.73 3.38 2.03 1.5  1.12 1.58 1.27 2.62 2.55 1.35 1.73 1.27 1.58
 1.05 2.1 ]



                                                          NEW Y:
[0.   1.27 1.42 0.   1.27 1.42 0.   1.27 1.42 0.   1.2  1.35 0.   1.27
 1.27 0.   1.27 1.27 0.08 1.2  1.27 0.08 1.2  1.27 0.08 1.2  1.27 0.15
 1.27 1.27]
[0.3  1.35 1.12 0.3  1.35 1.12 0.22 1.42 1.12 0.22 1.42 1.2  0.3  1.42
 1.12 0.22 1.42 1.12 0.3  1.42 1.12 0.3  1.42 1.12 0.22 1.42 1.2  0.3
 1.42 1.12]
[0.15 1.42 1.12 0.3  1.42 1.12 0.38 1.42 1.12 0.45 1.35 1.12 0.45 1.42
 1.12 0.45 1.35 1.2  0.38 1.42 1.12 0.38 1.42 1.2  0.38 1.42 1.12 0.45
 1.35 1.12]
[0.45 1.42 1.12 0.45 1.35 1.12 0.45 1.35 1.2  0.38 1.35 1.2  0.45 1.42
 1.12 0.45 1.35 1.12 0.45 1.42 1.2  0.45 1.35 1.2  0.38 1.42 1.2  0.45
 1.35 1.2 ]
[0.45 1.35 1.2  0.52 1.35 1.05 0.52 1.35 1.2  0.52 1.35 1.27 0.45 1.35
 1.27 0.52 1.35 1.27 0.45 1.35 1.27 0.45 1.35 1.27 0.45 1.12 1.2  0.45
 1.12 1.27]



                                                          NEW Y:
[0.38 1.05 1.35 0.45 1.2  1.27 0.52 1.35 1.35 0.6  1.88 1.27 0.45 1.42
 1.35 0.68 0.98 1.27 0.38 1.12 1.35 0.45 1.12 1.35 0.68 1.2  1.35 0.6
 1.2  1.35]
[0.38 1.12 1.12 0.08 1.05 1.12 0.22 1.12 1.65 0.08 1.2  2.03 0.22 1.12
 2.1  0.22 1.2  1.73 0.22 1.2  3.6  0.08 1.12 4.12 0.15 1.27 3.   0.38
 1.5  1.2 ]
[0.68 1.2  1.2  0.75 1.2  1.27 0.45 1.12 1.2  0.75 1.2  1.2  0.75 1.2
 1.2  0.68 1.2  1.2  0.6  1.2  1.2  0.22 1.2  1.2  0.15 1.2  1.2  0.38
 1.2  1.2 ]
[0.52 1.12 1.2  0.6  1.2  1.2  0.45 1.12 1.2  0.52 1.2  1.2  0.6  1.12
 1.2  0.68 1.12 1.2  0.68 1.12 1.2  0.68 1.12 1.27 0.6  1.12 1.05 0.6
 1.12 0.98]
[0.6  1.27 1.35 0.6  1.27 1.35 0.6  1.27 1.35 0.6  1.27 1.35 0.68 1.27
 1.35 0.68 1.27 1.35 0.6  1.27 1.35 0.68 1.27 1.35 0.68 1.27 1.35 0.68
 1.27 1.35]



                                                          NEW Y:
[0.22 1.2  0.98 0.22 1.27 0.98 0.3  1.2  1.05 0.22 1.12 1.12 0.22 1.2
 1.12 0.38 1.27 1.2  0.45 1.2  1.2  0.45 1.12 1.2  0.45 1.12 1.2  0.45
 1.2  1.12]
[0.3  1.27 1.12 0.38 1.2  1.05 0.38 1.27 1.05 0.38 1.2  1.12 0.38 1.12
 1.05 0.3  1.2  1.05 0.3  1.2  1.05 0.3  1.2  1.12 0.3  1.2  0.98 0.22
 1.2  0.9 ]
[0.08 1.27 1.05 0.38 1.27 0.98 0.38 1.35 0.98 0.45 1.35 1.05 0.38 1.27
 0.98 0.3  1.35 0.98 0.08 1.27 0.98 0.22 1.27 0.9  0.22 1.27 0.98 0.15
 1.35 0.98]
[0.3  1.27 0.98 0.3  1.27 0.9  0.22 1.35 0.98 0.22 1.27 0.98 0.22 1.35
 0.98 0.22 1.27 0.98 0.22 1.35 0.98 0.3  1.27 0.98 0.3  1.27 0.98 0.3
 1.27 0.98]
[0.22 1.27 0.98 0.22 1.35 0.98 0.22 1.27 0.98 0.22 1.27 0.98 0.22 1.27
 0.98 0.15 1.27 0.98 0.15 1.27 0.98 0.15 1.27 0.98 0.15 1.27 0.98 0.08
 1.27 0.98]



                                                          NEW Y:
[0.68 0.45 1.58 0.68 0.38 1.58 0.75 0.38 1.65 0.68 0.3  1.73 0.68 0.3
 1.73 0.6  0.3  1.65 0.6  0.38 1.8  0.6  0.38 1.73 0.6  0.38 1.65 0.68
 0.38 1.58]
[0.75 0.38 1.58 0.68 0.45 1.58 0.68 0.45 1.58 0.68 0.45 1.58 0.68 0.38
 1.5  0.6  0.38 1.58 0.68 0.3  1.5  0.68 0.3  1.58 0.6  0.3  1.58 0.6
 0.45 1.5 ]
[0.6  0.45 1.8  0.6  0.45 1.8  0.6  0.45 1.8  0.52 0.3  1.8  0.52 0.3
 1.8  0.52 0.38 1.73 0.52 0.52 1.73 0.68 0.6  1.73 0.6  0.38 1.65 0.6
 0.52 1.65]
[0.45 0.68 1.58 0.45 0.08 1.58 0.52 0.   1.58 0.6  0.3  1.58 0.52 0.38
 1.58 0.6  0.38 1.65 0.68 0.22 1.65 0.6  0.15 1.65 0.6  0.15 1.65 0.6
 0.22 1.65]
[0.82 0.3  1.58 0.82 0.22 1.73 0.75 0.38 1.58 0.75 0.3  1.58 0.82 0.
 1.58 0.75 0.   1.58 0.75 0.   1.5  0.75 0.   1.58 0.75 0.   1.5  0.68
 0.15 1.5 ]



                                                          NEW Y:
[0.6  0.68 1.8  0.68 0.82 1.8  0.6  0.75 1.73 0.75 0.52 1.73 0.68 0.3
 1.8  0.68 0.3  1.73 0.68 0.3  1.8  0.68 0.45 1.8  0.68 0.6  1.73 0.68
 0.68 1.73]
[0.6  0.52 1.58 0.6  0.52 1.58 0.68 0.52 1.58 0.6  0.6  1.5  0.68 0.68
 1.58 0.6  0.6  1.58 0.6  0.45 1.58 0.6  0.52 1.5  0.6  0.52 1.5  0.6
 0.45 1.5 ]
[0.45 0.22 1.42 0.52 0.22 1.35 0.52 0.22 1.5  0.6  0.22 1.5  0.52 0.22
 1.5  0.6  0.22 1.5  0.6  0.22 1.5  0.6  0.22 1.5  0.6  0.3  1.5  0.6
 0.3  1.5 ]
[0.6  0.45 1.73 0.6  0.22 1.73 0.68 0.22 1.73 0.68 0.3  1.65 0.6  0.3
 1.65 0.6  0.3  1.65 0.6  0.3  1.65 0.6  0.3  1.65 0.68 0.3  1.73 0.68
 0.22 1.73]
[0.75 0.22 1.73 0.75 0.22 1.73 0.68 0.22 1.73 0.75 0.22 1.73 0.75 0.22
 1.8  0.75 0.3  1.73 0.75 0.22 1.73 0.68 0.3  1.73 0.68 0.3  1.8  0.68
 0.22 1.58]



                                                          NEW Y:
[1.12 1.2  1.5  1.05 0.75 1.73 1.42 1.5  1.27 2.03 1.58 1.42 1.5  1.12
 1.42 1.12 0.82 2.03 0.98 1.65 1.88 1.05 1.2  1.35 1.65 4.05 1.35 1.5
 0.98 2.1 ]
[1.27 0.9  1.42 1.65 1.2  2.25 0.9  1.2  1.8  1.35 3.83 1.58 2.92 0.68
 1.65 1.65 1.27 1.73 1.27 1.12 1.95 0.98 1.2  1.58 2.17 1.27 1.35 2.47
 1.2  1.65]
[1.12 2.62 1.05 1.8  2.33 1.88 1.65 0.68 1.5  1.2  1.12 1.58 0.82 2.03
 1.5  2.03 1.95 1.2  2.17 0.6  1.95 1.42 1.05 1.8  0.6  1.73 1.5  1.27
 4.12 1.27]
[2.25 1.12 1.2  1.73 1.05 1.58 1.12 2.17 1.27 1.65 0.22 2.17 1.95 1.88
 1.2  1.35 0.9  0.98 1.2  2.17 2.1  0.9  2.47 1.65 1.95 0.68 1.2  1.65
 0.75 1.42]
[1.42 3.   1.8  1.05 1.05 1.65 1.2  2.92 1.12 1.95 0.68 1.42 1.35 1.27
 1.8  1.27 1.88 1.58 1.05 2.47 1.12 1.73 2.92 1.05 1.42 0.82 1.12 1.27
 2.03 1.73]



                                                          NEW Y:



                                                          NEW Y:



                                                          NEW Y:



                                                          NEW Y:



                                                          NEW Y:



                                                          NEW Y:



                                                          NEW Y:
[0.15 0.98 1.35 0.15 0.9  1.42 0.15 0.98 1.42 0.15 0.98 1.42 0.15 0.9
 1.5  0.15 0.98 1.58 0.15 0.98 1.58 0.15 0.98 1.5  0.15 0.98 1.42 0.15
 0.98 1.42]
[0.15 0.9  1.42 0.15 0.9  1.42 0.15 0.9  1.42 0.15 0.98 1.42 0.15 0.9
 1.42 0.15 0.9  1.42 0.15 0.9  1.35 0.22 0.9  1.42 0.15 0.9  1.35 0.15
 0.9  1.27]
[0.15 0.9  1.27 0.15 0.9  1.27 0.15 0.98 1.27 0.15 0.9  1.35 0.15 0.9
 1.35 0.22 0.9  1.27 0.15 0.9  1.35 0.15 0.9  1.42 0.15 0.9  1.35 0.15
 0.9  1.35]
[0.15 0.9  1.27 0.15 0.9  1.27 0.15 0.9  1.27 0.15 0.9  1.35 0.22 0.9
 1.35 0.22 0.9  1.42 0.15 0.9  1.35 0.15 0.9  1.5  0.15 0.9  1.58 0.15
 0.9  1.5 ]
[0.15 0.9  1.35 0.15 0.9  1.35 0.15 0.9  1.42 0.15 0.9  1.35 0.15 0.98
 1.35 0.15 0.9  1.42 0.15 0.98 1.42 0.15 0.98 1.42 0.15 0.9  1.42 0.15
 0.98 1.42]



                                                          NEW Y:
[0.22 0.75 1.58 0.22 0.75 1.65 0.22 0.75 1.58 0.22 0.75 1.65 0.22 0.68
 1.5  0.22 0.75 1.58 0.15 0.75 1.8  0.15 0.75 1.58 0.22 0.75 1.58 0.15
 0.82 1.5 ]
[0.22 0.82 1.73 0.22 0.82 1.73 0.22 0.82 1.73 0.15 0.82 1.8  0.22 0.75
 1.8  0.22 0.75 1.8  0.22 0.82 1.8  0.22 0.75 1.8  0.22 0.75 1.8  0.22
 0.75 1.8 ]
[0.22 0.82 1.8  0.22 0.75 1.73 0.22 0.82 1.88 0.22 0.75 1.8  0.22 0.75
 1.8  0.22 0.75 1.8  0.15 0.75 1.8  0.22 0.75 1.8  0.15 0.75 1.8  0.22
 0.75 1.8 ]



                                                          NEW Y:
[0.22 0.98 1.65 0.22 1.05 1.5  0.22 1.05 1.58 0.22 0.98 1.5  0.22 0.9
 1.27 0.22 0.9  2.47 0.22 1.05 3.08 0.22 0.98 2.78 0.22 0.98 2.47 0.22
 0.98 2.4 ]
[0.22 1.05 1.65 0.3  1.05 1.65 0.22 0.98 1.65 0.22 1.05 1.65 0.22 1.05
 1.65 0.22 1.05 1.65 0.22 1.05 1.73 0.22 1.05 1.65 0.22 0.98 1.65 0.22
 0.98 1.65]
[0.22 0.98 1.88 0.22 0.98 1.88 0.22 0.98 1.88 0.22 0.98 1.88 0.22 0.98
 1.88 0.22 0.98 1.8  0.22 0.98 1.88 0.3  0.98 1.8  0.22 0.98 1.8  0.22
 0.98 1.8 ]



                                                          NEW Y:
[0.22 0.98 1.58 0.22 0.98 1.58 0.22 0.9  1.5  0.22 0.98 1.58 0.22 0.98
 1.58 0.22 0.98 1.58 0.22 0.98 1.58 0.3  0.98 1.58 0.22 0.98 1.58 0.22
 0.98 1.5 ]
[0.22 0.98 1.58 0.22 0.98 1.58 0.22 0.98 1.58 0.22 0.98 1.58 0.22 0.98
 1.58 0.22 0.98 1.65 0.22 0.98 1.58 0.22 0.98 1.58 0.22 0.98 1.58 0.22
 0.98 1.58]
[0.22 0.98 1.42 0.22 0.98 1.42 0.22 0.98 1.42 0.22 0.98 1.42 0.22 0.98
 1.42 0.22 0.98 1.42 0.22 1.05 1.35 0.22 0.98 1.42 0.22 0.98 1.42 0.22
 0.98 1.42]



                                                          NEW Y:
[0.22 0.9  1.12 0.22 0.9  1.12 0.22 0.9  1.12 0.22 0.9  1.12 0.22 0.9
 1.05 0.22 0.9  1.12 0.22 0.9  1.05 0.22 0.9  1.12 0.22 0.9  1.05 0.22
 0.9  1.05]
[0.22 0.82 1.05 0.22 0.9  1.05 0.22 0.9  1.12 0.22 0.9  1.12 0.22 0.9
 1.12 0.22 0.9  1.05 0.22 0.82 1.05 0.22 0.9  1.05 0.22 0.9  1.05 0.22
 0.9  1.05]
[0.22 0.9  1.12 0.22 0.9  1.05 0.22 0.9  1.12 0.22 0.9  1.12 0.22 0.82
 1.12 0.22 0.9  1.12 0.22 0.9  1.12 0.22 0.9  1.12 0.3  0.9  1.12 0.22
 0.9  1.12]



                                                          NEW Y:
[0.22 0.9  1.05 0.22 0.98 1.05 0.22 0.9  1.12 0.22 0.9  1.12 0.22 0.98
 1.12 0.22 0.9  1.12 0.22 0.98 1.12 0.22 0.98 1.2  0.22 0.98 1.2  0.22
 0.98 1.12]
[0.22 0.98 1.35 0.22 0.98 1.27 0.22 0.98 1.27 0.22 0.98 1.35 0.22 0.98
 1.2  0.15 0.98 1.27 0.22 0.98 1.27 0.22 0.98 1.2  0.22 0.9  1.12 0.22
 0.9  1.2 ]
[0.15 0.9  1.12 0.22 0.9  1.12 0.22 0.98 1.12 0.22 0.98 1.05 0.22 0.9
 1.12 0.22 0.9  1.12 0.22 0.9  1.05 0.22 0.9  1.12 0.15 0.9  1.05 0.22
 0.98 1.12]



                                                          NEW Y:
[0.22 0.98 0.98 0.22 0.98 0.98 0.22 0.98 1.05 0.22 0.9  0.98 0.22 0.9
 0.98 0.22 0.98 1.05 0.22 0.98 1.05 0.22 0.9  1.05 0.22 0.98 1.05 0.22
 0.9  1.05]
[0.22 0.9  1.12 0.22 0.9  1.2  0.22 0.9  1.2  0.22 0.9  1.2  0.22 0.9
 1.2  0.22 0.98 1.2  0.22 0.98 1.12 0.22 0.9  1.12 0.22 0.98 1.05 0.22
 0.9  1.12]
[0.22 0.98 1.05 0.22 0.98 1.12 0.22 0.9  1.05 0.22 0.98 1.12 0.22 0.98
 1.05 0.22 0.98 1.12 0.22 0.98 1.12 0.22 0.9  1.05 0.22 0.98 1.05 0.22
 0.98 1.05]



                                                          NEW Y:
[0.22 0.82 1.27 0.22 0.82 1.27 0.22 0.82 1.2  0.22 0.82 1.27 0.22 0.82
 1.2  0.22 0.9  1.27 0.22 0.9  1.2  0.22 0.82 1.27 0.22 0.82 1.27 0.22
 0.9  1.2 ]
[0.22 0.82 1.27 0.22 0.82 1.27 0.22 0.82 1.27 0.22 0.9  1.2  0.22 0.9
 1.27 0.22 0.82 1.27 0.22 0.9  1.2  0.22 0.82 1.2  0.22 0.82 1.2  0.22
 0.9  1.2 ]
[0.22 0.9  1.27 0.22 0.9  1.2  0.22 0.9  1.2  0.22 0.9  1.35 0.22 0.9
 1.42 0.22 0.9  1.5  0.22 0.9  1.5  0.22 0.9  1.35 0.22 0.9  1.42 0.22
 0.9  1.42]



                                                          NEW Y:
[0.15 0.98 1.42 0.15 0.98 1.5  0.08 0.9  1.5  0.08 0.98 1.5  0.15 0.9
 1.5  0.15 0.98 1.5  0.15 0.98 1.5  0.15 0.9  1.5  0.15 0.98 1.58 0.15
 0.98 1.5 ]
[0.15 0.9  1.35 0.15 0.9  1.35 0.15 0.98 1.35 0.15 0.9  1.35 0.15 0.98
 1.5  0.15 0.98 1.5  0.15 0.9  1.5  0.08 0.98 1.5  0.15 0.98 1.65 0.08
 0.9  1.58]
[0.15 0.98 1.65 0.15 0.98 1.65 0.15 0.98 1.58 0.08 0.9  1.58 0.15 0.98
 1.65 0.15 0.98 1.58 0.15 0.9  1.65 0.15 0.98 1.65 0.15 0.9  1.65 0.15
 0.9  1.65]



                                                          NEW Y:
[0.15 0.98 1.27 0.15 1.05 1.35 0.08 1.05 1.27 0.08 1.05 1.35 0.08 1.12
 1.42 0.15 1.12 1.5  0.08 1.12 1.5  0.15 1.05 1.35 0.15 1.05 1.12 0.15
 1.12 1.27]
[0.15 1.05 1.42 0.08 1.05 1.35 0.15 1.05 1.35 0.15 1.05 1.35 0.15 1.05
 1.42 0.08 1.05 1.5  0.15 1.05 1.42 0.15 1.05 1.42 0.15 1.05 1.35 0.15
 1.05 1.35]
[0.08 1.05 1.42 0.15 1.05 1.42 0.15 1.05 1.5  0.15 1.05 1.5  0.15 1.05
 1.58 0.08 0.98 1.42 0.15 0.98 1.35 0.15 0.98 1.35 0.22 0.98 1.35 0.15
 1.05 1.35]



                                                          NEW Y:
[0.08 0.82 1.12 0.08 0.9  1.12 0.15 0.9  1.12 0.08 0.9  1.12 0.15 0.9
 1.05 0.08 0.9  1.12 0.08 0.9  1.12 0.15 0.98 1.12 0.08 0.9  1.12 0.08
 0.9  1.12]
[0.08 0.9  1.35 0.15 0.9  1.35 0.08 0.9  1.27 0.08 0.98 1.27 0.08 0.9
 1.2  0.08 0.9  1.27 0.15 0.9  1.35 0.15 0.9  1.27 0.08 0.9  1.35 0.08
 0.9  1.2 ]
[0.08 0.9  1.05 0.08 0.9  1.05 0.15 0.98 1.05 0.08 0.98 1.12 0.08 0.98
 1.12 0.15 0.98 0.98 0.08 0.9  0.98 0.15 0.9  0.98 0.08 0.9  0.98 0.08
 0.98 1.12]



                                                          NEW Y:
[0.08 0.9  1.65 0.15 0.9  1.58 0.08 0.82 1.58 0.15 0.9  1.58 0.15 0.82
 1.58 0.15 0.82 1.65 0.15 0.82 1.58 0.15 0.9  1.58 0.15 0.82 1.58 0.08
 0.9  1.65]
[0.08 0.82 1.5  0.15 0.9  1.58 0.15 0.9  1.65 0.08 0.9  1.65 0.15 0.9
 1.73 0.08 0.9  1.65 0.08 0.9  1.65 0.15 0.9  1.65 0.22 0.82 1.65 0.08
 0.9  1.65]
[0.15 0.9  1.35 0.08 0.9  1.35 0.15 0.9  1.42 0.15 0.9  1.5  0.08 0.9
 1.42 0.08 1.05 1.42 0.15 0.9  1.5  0.15 0.9  1.42 0.08 0.9  1.42 0.08
 0.9  1.42]



                                                          NEW Y:
[0.   0.98 1.27 0.   0.98 1.27 0.   0.98 1.27 0.   0.98 1.2  0.08 0.98
 1.2  0.08 0.98 1.27 0.   0.98 1.27 0.   1.05 1.2  0.   0.98 1.35 0.
 0.98 1.2 ]
[0.08 0.98 1.27 0.   0.98 1.35 0.   0.98 1.27 0.   0.98 1.27 0.   1.05
 1.2  0.08 0.98 1.2  0.08 1.05 1.12 0.08 0.98 1.2  0.   0.98 1.2  0.
 0.98 1.2 ]
[0.   0.98 1.12 0.08 1.05 1.2  0.   0.98 1.2  0.   1.05 1.2  0.   0.98
 1.27 0.   1.05 1.2  0.   0.98 1.2  0.08 0.98 1.2  0.   0.98 1.2  0.08
 0.98 1.27]



                                                          NEW Y:
[0.08 0.9  1.12 0.08 0.9  1.12 0.   0.82 1.12 0.08 0.82 1.12 0.08 0.82
 1.12 0.08 0.9  1.12 0.   0.9  1.12 0.08 0.82 1.12 0.   0.82 1.12 0.08
 0.9  1.12]
[0.08 0.9  1.12 0.08 0.9  1.12 0.08 0.9  1.12 0.08 0.9  1.12 0.   0.9
 1.05 0.08 0.9  1.05 0.   0.9  1.05 0.08 0.9  1.05 0.08 0.9  1.05 0.
 0.9  1.05]
[0.08 0.9  1.05 0.08 0.9  1.05 0.   0.82 1.05 0.08 0.9  1.05 0.   0.9
 1.05 0.08 0.98 1.05 0.08 0.82 1.05 0.   0.9  1.05 0.08 0.9  1.05 0.
 0.9  1.05]



                                                          NEW Y:
[0.   0.82 1.05 0.08 0.82 1.12 0.08 0.82 1.27 0.08 0.82 1.27 0.08 0.75
 1.12 0.08 0.82 1.12 0.08 0.82 1.12 0.08 0.82 0.98 0.   0.82 0.98 0.08
 0.82 0.98]
[0.08 0.9  1.27 0.08 0.9  1.2  0.08 0.9  1.12 0.08 0.82 1.27 0.   0.82
 1.27 0.08 0.82 1.2  0.   0.82 1.27 0.08 0.82 1.12 0.08 0.9  1.12 0.08
 0.9  1.05]
[0.08 0.82 1.12 0.   0.82 1.12 0.08 0.82 1.12 0.08 0.82 1.12 0.   0.82
 1.12 0.08 0.75 1.12 0.   0.82 1.12 0.08 0.82 1.12 0.08 0.75 1.12 0.08
 0.75 1.12]



                                                          NEW Y:
[0.08 0.98 1.2  0.   0.9  1.12 0.   0.9  1.2  0.   0.9  1.2  0.   0.9
 1.2  0.08 0.9  1.12 0.08 0.9  1.12 0.08 0.9  1.12 0.   0.9  1.2  0.
 0.9  1.12]
[0.   0.9  1.12 0.08 0.9  1.2  0.08 0.98 1.35 0.08 0.98 1.42 0.08 0.9
 1.5  0.08 0.9  1.5  0.08 0.98 1.42 0.08 0.98 1.35 0.08 0.9  1.27 0.08
 0.9  1.2 ]
[0.08 0.82 1.35 0.   0.9  1.27 0.08 0.75 1.27 0.   0.82 1.27 0.08 0.82
 1.27 0.08 0.82 1.35 0.   0.82 1.27 0.08 0.82 1.27 0.   0.82 1.2  0.08
 0.75 1.2 ]



                                                          NEW Y:
[0.   0.82 1.12 0.08 0.9  1.12 0.08 0.82 1.12 0.08 0.82 1.12 0.08 0.82
 1.12 0.08 0.9  1.12 0.   0.9  1.12 0.   0.82 1.12 0.08 0.82 1.12 0.
 0.82 1.12]
[0.08 0.82 1.12 0.08 0.9  1.05 0.08 0.82 1.05 0.08 0.82 1.05 0.08 0.82
 1.05 0.08 0.75 1.05 0.08 0.75 1.12 0.08 0.82 1.12 0.08 0.75 1.12 0.08
 0.75 1.05]
[0.   0.82 1.05 0.08 0.75 1.05 0.08 0.75 1.05 0.08 0.82 1.05 0.08 0.82
 1.05 0.08 0.75 1.12 0.08 0.82 1.05 0.08 0.82 1.05 0.08 0.82 1.05 0.08
 0.75 1.12]



                                                          NEW Y:
[0.   0.98 0.98 0.   0.9  0.98 0.08 0.9  0.98 0.   0.9  0.9  0.   0.9
 0.9  0.   0.9  0.9  0.   0.9  0.9  0.   0.9  0.9  0.   0.98 0.9  0.
 0.9  0.9 ]
[0.   0.98 0.98 0.   0.98 0.9  0.   0.9  0.9  0.08 0.98 0.98 0.   0.98
 0.9  0.   0.98 0.9  0.   0.98 0.9  0.08 0.98 0.9  0.08 0.98 0.9  0.
 0.98 0.9 ]
[0.   0.98 0.9  0.   0.9  0.9  0.08 0.9  0.9  0.   0.98 0.9  0.   0.9
 0.9  0.   0.98 0.98 0.   0.98 0.98 0.   0.9  0.98 0.   0.9  0.98 0.
 0.9  0.98]



                                                          NEW Y:
[0.   0.9  0.82 0.   0.9  0.98 0.   0.9  0.98 0.   0.82 0.98 0.   0.82
 1.05 0.   0.9  1.05 0.   0.82 1.12 0.   0.9  0.98 0.   0.9  1.05 0.
 0.9  1.2 ]
[0.   0.98 1.12 0.   1.05 1.05 0.   1.05 1.05 0.   0.98 1.05 0.   0.9
 1.05 0.   0.98 1.12 0.   0.98 1.05 0.   0.98 0.98 0.   0.98 1.05 0.
 0.82 1.05]
[0.   0.9  0.98 0.   0.9  1.05 0.   0.82 1.05 0.   0.9  1.05 0.   0.9
 1.05 0.   0.9  1.05 0.   0.9  1.05 0.   0.9  0.98 0.   0.9  0.98 0.
 0.82 0.98]



                                                          NEW Y:
[0.15 0.9  1.12 0.22 0.9  1.12 0.22 0.9  1.05 0.22 0.98 0.98 0.22 0.9
 0.98 0.22 0.9  0.98 0.22 0.98 0.98 0.15 0.98 0.98 0.22 0.9  1.05 0.15
 0.9  0.98]
[0.15 0.9  1.2  0.15 0.9  1.2  0.15 0.9  1.27 0.15 0.9  1.2  0.15 0.9
 1.27 0.15 0.9  1.27 0.08 0.9  1.27 0.   0.9  1.27 0.15 0.9  1.27 0.15
 0.9  1.27]
[0.15 0.98 1.27 0.15 0.98 1.2  0.15 0.9  1.2  0.08 0.9  1.27 0.15 0.82
 1.2  0.08 0.82 1.12 0.08 0.82 1.12 0.08 0.9  1.2  0.15 0.9  1.2  0.08
 0.9  1.27]



                                                          NEW Y:
[0.15 0.9  1.35 0.08 0.9  1.27 0.08 0.9  1.27 0.08 0.9  1.27 0.08 0.82
 1.27 0.15 0.9  1.2  0.15 0.9  1.27 0.15 0.9  1.27 0.08 0.9  1.27 0.15
 0.98 1.35]
[0.15 0.9  1.27 0.08 0.98 1.2  0.08 0.9  1.2  0.15 0.9  1.12 0.08 0.9
 1.2  0.15 0.9  1.2  0.08 0.9  1.2  0.15 0.82 1.12 0.08 0.82 1.2  0.15
 0.9  1.2 ]
[0.15 0.9  1.2  0.15 0.98 1.2  0.15 0.9  1.2  0.08 0.9  1.2  0.08 0.9
 1.2  0.08 0.9  1.12 0.08 0.9  1.2  0.15 0.9  1.2  0.08 0.9  1.2  0.15
 0.9  1.2 ]



                                                          NEW Y:
[0.15 0.9  1.2  0.15 0.9  1.2  0.08 0.9  1.2  0.15 0.9  1.2  0.15 0.9
 1.2  0.08 0.9  1.12 0.08 0.9  1.2  0.15 0.9  1.2  0.15 0.9  1.2  0.15
 0.9  1.2 ]
[0.15 0.98 1.2  0.15 0.9  1.27 0.15 0.98 1.2  0.15 0.9  1.2  0.15 0.98
 1.2  0.15 0.98 1.2  0.15 0.9  1.27 0.15 0.9  1.2  0.15 0.9  1.2  0.08
 0.98 1.2 ]
[0.15 0.9  1.2  0.15 0.98 1.2  0.08 0.98 1.2  0.15 0.9  1.2  0.08 0.9
 1.2  0.08 0.98 1.2  0.08 0.98 1.2  0.08 0.98 1.27 0.08 0.9  1.2  0.15
 0.98 1.2 ]



                                                          NEW Y:
[0.15 0.9  1.2  0.15 0.9  1.27 0.15 0.9  1.2  0.15 0.9  1.27 0.15 0.9
 1.2  0.15 0.9  1.27 0.15 0.9  1.2  0.15 0.9  1.27 0.15 0.9  1.2  0.15
 0.9  1.2 ]
[0.15 0.98 1.2  0.15 0.9  1.2  0.15 0.9  1.2  0.08 0.9  1.12 0.15 0.98
 1.2  0.15 0.9  1.12 0.22 0.9  1.12 0.15 0.9  1.12 0.15 0.9  1.12 0.15
 0.9  1.2 ]
[0.22 0.9  1.2  0.15 0.9  1.2  0.15 0.9  1.2  0.22 0.9  1.27 0.15 0.98
 1.27 0.15 0.98 1.27 0.15 0.9  1.2  0.15 0.9  1.12 0.15 0.9  1.2  0.22
 0.9  1.2 ]



                                                          NEW Y:
[0.15 0.9  1.12 0.15 0.9  1.12 0.15 0.9  1.12 0.15 0.9  1.12 0.15 0.9
 1.12 0.15 0.9  1.12 0.15 0.82 1.2  0.15 0.82 1.05 0.15 0.82 1.2  0.15
 0.9  1.12]
[0.08 0.9  1.42 0.08 0.9  1.27 0.15 0.9  1.12 0.08 0.9  1.05 0.08 0.9
 1.2  0.08 0.9  1.2  0.08 0.9  1.27 0.08 0.9  1.35 0.08 0.9  1.42 0.08
 0.9  1.35]
[0.15 0.9  1.2  0.15 0.9  1.12 0.22 0.9  1.12 0.22 0.9  1.12 0.22 0.9
 0.98 0.22 0.82 0.98 0.15 0.82 1.12 0.15 0.9  1.2  0.3  0.9  1.2  0.3
 0.82 1.2 ]



                                                          NEW Y:
[0.22 0.75 1.35 0.3  0.75 1.27 0.22 0.75 1.27 0.3  0.68 1.35 0.3  0.68
 1.27 0.3  0.68 1.27 0.3  0.75 1.27 0.3  0.75 1.2  0.22 0.75 1.27 0.3
 0.75 1.27]
[0.3  0.75 1.2  0.22 0.75 1.27 0.22 0.75 1.27 0.3  0.75 1.27 0.22 0.68
 1.27 0.22 0.75 1.27 0.3  0.75 1.27 0.22 0.68 1.27 0.3  0.75 1.27 0.22
 0.75 1.2 ]
[0.22 0.68 1.2  0.22 0.75 1.27 0.22 0.75 1.2  0.22 0.68 1.27 0.3  0.75
 1.2  0.22 0.68 1.2  0.22 0.68 1.27 0.3  0.75 1.2  0.22 0.75 1.2  0.3
 0.68 1.2 ]



                                                          NEW Y:
[0.3  1.05 1.42 0.3  1.05 1.42 0.3  1.05 1.35 0.3  0.98 1.35 0.3  0.98
 1.42 0.3  1.05 1.42 0.3  1.05 1.42 0.3  1.05 1.5  0.3  0.98 1.5  0.3
 0.98 1.42]
[0.3  1.05 1.95 0.3  1.05 1.65 0.3  1.05 1.65 0.3  1.05 1.58 0.3  1.05
 1.58 0.3  1.05 1.42 0.3  1.12 1.35 0.3  1.05 1.35 0.3  0.98 1.27 0.3
 0.98 1.35]
[0.22 0.98 1.5  0.22 1.05 1.5  0.22 0.98 1.5  0.3  1.05 1.5  0.22 0.98
 1.5  0.22 0.98 1.42 0.3  1.05 1.5  0.3  0.98 1.5  0.3  0.98 1.35 0.22
 0.98 1.42]



                                                          NEW Y:
[0.3  1.12 1.27 0.3  1.12 1.27 0.3  1.12 1.27 0.3  1.12 1.35 0.3  1.12
 1.27 0.22 1.12 1.27 0.3  1.12 1.27 0.3  1.12 1.27 0.3  1.12 1.35 0.3
 1.12 1.35]
[0.3  1.12 1.27 0.3  1.12 1.27 0.22 1.12 1.35 0.3  1.12 1.27 0.3  1.05
 1.27 0.3  1.12 1.27 0.3  1.12 1.27 0.3  1.05 1.27 0.3  1.05 1.27 0.3
 1.12 1.27]
[0.3  1.05 1.27 0.3  1.12 1.2  0.3  1.12 1.2  0.3  1.12 1.27 0.3  1.12
 1.2  0.3  1.12 1.35 0.3  1.12 1.42 0.3  1.05 1.27 0.3  1.12 1.42 0.3
 1.12 1.35]



                                                          NEW Y:
[0.3  1.05 1.27 0.3  1.05 1.27 0.3  0.98 1.27 0.3  1.05 1.35 0.3  1.05
 1.35 0.3  1.05 1.35 0.3  1.05 1.35 0.3  1.05 1.35 0.38 1.05 1.35 0.38
 0.98 1.35]
[0.3  1.05 1.35 0.3  1.05 1.27 0.3  1.05 1.35 0.3  1.05 1.35 0.3  1.05
 1.35 0.3  1.05 1.35 0.38 1.05 1.27 0.38 0.98 1.35 0.3  1.05 1.27 0.3
 0.98 1.27]
[0.38 1.05 1.2  0.3  1.05 1.27 0.38 1.05 1.27 0.3  1.05 1.35 0.38 1.05
 1.27 0.3  1.05 1.27 0.3  1.05 1.27 0.3  1.05 1.35 0.3  0.98 1.35 0.3
 1.05 1.35]



                                                          NEW Y:
[0.3  0.98 1.65 0.3  0.98 1.65 0.3  0.98 1.73 0.3  0.98 1.73 0.3  0.98
 1.73 0.3  0.9  1.8  0.3  0.98 1.73 0.3  0.98 1.73 0.3  0.98 1.73 0.38
 0.98 1.73]
[0.45 0.9  1.65 0.38 0.98 1.73 0.38 0.9  1.73 0.45 0.98 1.73 0.45 0.98
 1.73 0.45 0.98 1.73 0.45 0.98 1.73 0.45 0.98 1.8  0.38 0.9  1.73 0.38
 0.9  1.73]
[0.38 0.98 1.73 0.45 0.98 1.73 0.45 0.9  1.73 0.45 0.9  1.65 0.45 0.9
 1.65 0.45 0.98 1.73 0.45 0.98 1.65 0.38 0.98 1.58 0.38 0.9  1.58 0.38
 0.9  1.65]



                                                          NEW Y:
[0.3  1.05 1.5  0.3  1.05 1.5  0.38 1.05 1.5  0.38 1.05 1.5  0.38 1.05
 1.5  0.38 1.05 1.58 0.38 1.12 1.5  0.3  1.05 1.5  0.38 1.05 1.5  0.38
 1.05 1.5 ]
[0.3  1.05 1.58 0.38 1.05 1.58 0.3  0.98 1.58 0.38 0.98 1.58 0.38 0.98
 1.58 0.3  0.98 1.58 0.38 0.98 1.58 0.38 0.98 1.58 0.38 0.98 1.58 0.3
 0.98 1.58]
[0.38 1.05 1.12 0.38 0.98 1.12 0.38 0.98 1.12 0.45 0.9  1.27 0.38 0.9
 1.27 0.45 0.98 1.35 0.45 0.98 1.27 0.45 0.98 1.27 0.45 1.05 1.12 0.45
 0.98 1.12]



                                                          NEW Y:
[0.3  0.98 1.05 0.38 0.9  1.05 0.38 0.98 1.2  0.3  0.98 1.35 0.38 0.98
 1.35 0.3  0.98 1.27 0.3  0.98 1.35 0.38 0.98 1.35 0.38 0.98 1.42 0.3
 0.9  1.42]
[0.3  0.9  0.9  0.3  0.9  0.9  0.38 0.9  0.9  0.38 0.98 0.98 0.38 0.98
 0.98 0.38 0.9  0.98 0.38 0.9  0.98 0.3  0.9  0.98 0.3  0.98 0.98 0.38
 0.98 0.98]
[0.38 0.98 1.2  0.38 0.9  1.2  0.3  0.98 1.12 0.3  0.9  1.27 0.3  0.9
 1.27 0.3  0.82 1.2  0.38 0.9  1.2  0.3  0.82 1.27 0.38 0.82 1.27 0.3
 0.82 1.2 ]



                                                          NEW Y:
[0.08 0.9  1.27 0.08 0.82 1.27 0.08 0.9  1.35 0.08 1.2  1.35 0.08 0.9
 1.42 0.08 0.98 1.35 0.15 0.98 1.35 0.08 0.98 1.35 0.08 0.9  1.35 0.08
 0.98 1.35]
[0.   0.9  2.1  0.08 0.9  1.8  0.   0.9  1.88 0.08 0.9  1.73 0.08 0.9
 1.58 0.08 0.98 1.58 0.08 0.98 1.65 0.08 0.9  1.58 0.08 0.9  1.65 0.08
 0.82 1.65]
[0.08 0.98 2.17 0.   0.98 2.17 0.08 0.98 2.25 0.08 0.82 1.88 0.08 0.82
 1.8  0.08 0.9  1.58 0.08 0.9  1.58 0.08 0.9  1.58 0.08 0.82 1.65 0.08
 0.82 1.58]



                                                          NEW Y:
[0.15 0.98 1.5  0.15 0.98 1.58 0.08 0.98 1.58 0.08 0.98 1.58 0.15 0.9
 1.5  0.08 0.98 1.5  0.08 0.9  1.5  0.08 0.9  1.5  0.08 0.9  1.58 0.08
 0.9  1.58]
[0.08 0.9  1.5  0.08 0.98 1.5  0.15 0.9  1.5  0.15 0.9  1.5  0.15 0.9
 1.5  0.15 0.9  1.5  0.08 0.98 1.58 0.08 0.9  1.58 0.15 0.9  1.58 0.08
 0.9  1.58]
[0.08 0.98 1.42 0.15 0.9  1.58 0.15 0.98 1.58 0.15 0.9  1.58 0.15 0.98
 1.5  0.15 0.98 1.5  0.15 1.05 1.58 0.08 0.98 1.58 0.15 0.98 1.58 0.08
 0.9  1.58]



                                                          NEW Y:
[0.08 0.9  1.58 0.08 0.9  1.58 0.15 0.9  1.58 0.15 0.9  1.58 0.08 0.9
 1.5  0.15 0.9  1.58 0.08 0.82 1.58 0.08 0.82 1.58 0.15 0.9  1.58 0.08
 0.9  1.58]
[0.08 0.9  1.5  0.15 0.82 1.5  0.15 0.82 1.5  0.15 0.9  1.5  0.08 0.9
 1.5  0.08 0.82 1.58 0.15 0.9  1.5  0.15 0.82 1.58 0.15 0.9  1.5  0.15
 0.9  1.5 ]
[0.08 0.82 1.5  0.15 0.9  1.5  0.08 0.9  1.58 0.15 0.9  1.5  0.08 0.9
 1.5  0.08 0.9  1.5  0.15 0.82 1.58 0.15 0.82 1.58 0.08 0.9  1.5  0.08
 0.9  1.58]



                                                          NEW Y:
[0.08 0.82 1.35 0.08 0.82 1.35 0.08 0.9  1.42 0.08 0.82 1.42 0.08 0.9
 1.42 0.15 0.9  1.42 0.15 0.9  1.42 0.08 0.9  1.42 0.08 0.82 1.42 0.08
 0.82 1.42]
[0.15 0.9  1.27 0.08 0.9  1.27 0.08 0.9  1.35 0.15 0.9  1.27 0.08 0.9
 1.27 0.15 0.9  1.27 0.08 0.9  1.2  0.15 0.9  1.27 0.15 0.9  1.35 0.08
 0.98 1.35]
[0.08 0.9  1.35 0.08 0.9  1.35 0.15 0.9  1.35 0.08 0.9  1.35 0.15 0.9
 1.42 0.15 0.82 1.35 0.15 0.82 1.35 0.08 0.9  1.42 0.15 0.82 1.35 0.08
 0.9  1.35]



                                                          NEW Y:
[0.08 0.9  0.98 0.08 0.9  0.98 0.   0.9  1.05 0.08 0.9  0.98 0.08 0.9
 0.98 0.   0.82 0.98 0.08 0.9  0.9  0.08 0.9  0.98 0.   0.9  0.9  0.08
 0.9  0.9 ]
[0.   0.9  0.98 0.   0.9  0.98 0.08 0.9  0.9  0.   0.9  0.9  0.   0.9
 0.98 0.   0.9  0.9  0.08 0.9  0.98 0.08 0.9  0.9  0.08 0.9  0.9  0.
 0.9  0.9 ]
[0.08 0.82 0.98 0.   0.9  0.98 0.   0.9  0.98 0.   0.9  0.9  0.   0.82
 0.98 0.08 0.9  0.98 0.08 0.9  0.9  0.   0.9  0.98 0.   0.9  0.98 0.
 0.9  0.98]



                                                          NEW Y:
[0.   0.9  0.   0.   0.9  0.   0.   0.9  0.   0.08 0.98 0.   0.08 0.9
 0.   0.   0.9  0.   0.08 0.98 0.   0.   0.9  0.   0.   0.98 0.   0.08
 0.98 0.  ]
[0.08 0.98 0.   0.08 0.98 0.   0.   0.9  0.08 0.   0.9  0.   0.08 0.9
 0.   0.08 0.9  0.   0.08 0.9  0.   0.08 0.9  0.   0.08 0.9  0.   0.
 0.9  0.  ]
[0.08 0.98 0.   0.08 0.98 0.   0.08 0.98 0.   0.08 0.98 0.   0.08 0.98
 0.   0.08 0.98 0.   0.08 0.98 0.   0.08 0.98 0.   0.08 0.98 0.   0.08
 0.98 0.  ]



                                                          NEW Y:
[0.08 1.05 0.   0.08 1.05 0.   0.08 0.98 0.   0.   1.05 0.   0.08 1.05
 0.   0.08 0.98 0.   0.08 0.98 0.   0.08 0.98 0.   0.08 0.98 0.   0.08
 1.05 0.  ]
[0.15 0.98 0.   0.08 1.05 0.   0.08 1.05 0.   0.08 1.05 0.   0.08 0.98
 0.   0.08 1.05 0.   0.08 1.05 0.   0.08 0.98 0.   0.08 0.98 0.   0.08
 0.98 0.  ]
[0.15 0.98 0.15 0.08 0.98 0.08 0.08 1.05 0.15 0.08 0.98 0.15 0.08 0.98
 0.15 0.15 0.98 0.08 0.08 1.05 0.15 0.08 1.05 0.15 0.08 1.05 0.15 0.08
 1.12 0.08]



                                                          NEW Y:
[0.08 1.05 0.38 0.08 0.98 0.68 0.08 0.98 0.98 0.08 0.98 0.98 0.08 0.98
 1.42 0.08 1.05 1.35 0.08 1.05 1.35 0.08 1.05 1.35 0.08 1.05 0.68 0.08
 0.98 0.6 ]
[0.15 0.9  0.82 0.15 0.9  0.82 0.15 0.98 0.82 0.15 0.98 0.82 0.08 0.98
 0.82 0.15 0.98 0.82 0.15 0.98 0.75 0.08 0.98 0.75 0.15 1.05 0.75 0.08
 0.98 0.82]
[0.08 0.98 0.82 0.15 0.98 0.82 0.15 0.98 0.75 0.08 0.9  0.82 0.15 0.98
 0.75 0.15 0.98 0.9  0.08 0.98 0.9  0.15 0.98 0.82 0.08 0.9  0.82 0.15
 0.98 0.82]



                                                          NEW Y:
[0.15 1.05 0.38 0.08 1.05 0.3  0.08 1.05 0.15 0.08 1.05 0.08 0.15 1.05
 0.08 0.15 1.05 0.   0.08 1.05 0.   0.15 1.05 0.   0.15 1.05 0.   0.15
 0.98 0.  ]
[0.08 0.98 0.3  0.15 0.98 0.38 0.08 1.05 0.3  0.08 0.9  0.22 0.08 0.98
 0.3  0.08 0.98 0.3  0.08 0.98 0.3  0.08 0.98 0.3  0.08 0.98 0.3  0.15
 0.98 0.3 ]
[0.15 0.98 0.3  0.15 0.98 0.3  0.15 1.05 0.3  0.15 1.05 0.3  0.15 1.05
 0.3  0.15 1.05 0.3  0.08 1.05 0.3  0.15 0.98 0.3  0.15 0.98 0.3  0.15
 1.05 0.3 ]



                                                          NEW Y:
[0.15 0.75 1.65 0.15 0.75 1.65 0.15 0.75 1.35 0.15 0.75 1.27 0.08 0.75
 1.05 0.15 0.82 0.75 0.08 0.75 0.6  0.08 0.82 0.6  0.15 0.82 0.52 0.15
 0.75 0.52]
[0.08 0.82 0.   0.08 0.75 0.   0.08 0.82 0.   0.   0.82 1.2  0.08 0.9
 2.7  0.08 0.9  2.47 0.08 0.9  2.92 0.08 0.98 2.33 0.   0.9  1.88 0.
 0.98 2.03]
[0.08 0.82 2.7  0.   0.82 2.62 0.08 0.82 2.7  0.   0.82 2.62 0.08 0.82
 2.78 0.08 0.82 2.47 0.   0.82 2.47 0.08 0.82 2.55 0.08 0.75 2.62 0.08
 0.82 2.78]



                                                          NEW Y:
[0.6  1.12 1.27 0.6  1.12 1.35 0.6  1.2  1.35 0.6  1.2  1.35 0.52 1.2
 1.27 0.52 1.2  1.12 0.52 1.2  1.12 0.52 1.12 1.12 0.52 1.2  1.12 0.6
 1.12 1.12]
[0.52 1.05 1.35 0.52 1.12 1.35 0.6  1.05 1.35 0.52 1.12 1.42 0.52 1.12
 1.42 0.6  1.05 1.27 0.52 1.12 1.27 0.52 1.05 1.2  0.52 1.12 1.27 0.6
 1.2  1.27]
[0.6  1.05 1.35 0.6  1.05 1.35 0.6  1.05 1.2  0.6  1.12 1.35 0.6  1.05
 1.5  0.52 1.05 1.5  0.6  1.12 1.58 0.6  1.05 1.5  0.6  1.05 1.42 0.52
 1.12 1.35]



                                                          NEW Y:
[0.68 1.8  2.4  0.68 1.05 3.3  0.38 0.3  1.8  0.68 0.08 2.55 0.75 2.78
 1.73 0.75 4.43 1.35 0.75 0.9  1.5  0.75 0.   1.95 0.75 0.   1.73 0.75
 0.15 1.58]
[0.22 1.58 1.05 0.22 1.58 1.05 0.3  1.42 1.05 0.3  1.27 1.05 0.22 1.73
 1.05 0.22 1.88 1.12 0.15 0.9  1.12 0.3  0.82 1.05 0.45 0.82 1.12 0.45
 1.12 1.05]
[0.52 1.27 1.2  0.52 1.27 1.2  0.6  1.27 1.2  0.52 1.2  1.2  0.6  1.27
 0.98 0.6  1.35 1.05 0.52 1.42 1.05 0.52 1.27 1.05 0.52 1.27 1.12 0.52
 1.2  1.2 ]



                                                          NEW Y:
[8.77 8.32 5.25 8.77 8.32 5.25 8.7  8.25 5.18 8.7  8.32 5.25 8.7  8.25
 5.18 8.7  8.32 5.18 8.7  8.32 5.25 8.77 8.25 5.25 8.77 8.32 5.18 8.7
 8.25 5.18]
[8.85 8.18 5.1  8.85 8.18 5.18 8.85 8.25 5.1  8.85 8.18 5.1  8.85 8.18
 5.1  8.85 8.18 5.1  8.85 8.18 4.88 8.93 8.18 4.8  8.85 8.18 5.18 8.85
 8.02 5.25]
[9.15 7.2  4.8  8.4  7.12 4.8  8.4  7.12 4.72 8.55 7.12 4.72 8.62 7.12
 4.8  8.7  7.12 4.72 9.38 7.12 4.8  8.93 7.12 4.8  8.93 7.12 4.72 9.23
 6.97 4.72]
[9.   7.12 4.8  8.93 7.2  4.8  9.   7.12 4.72 9.   7.12 4.72 8.93 7.12
 4.72 8.93 7.05 4.72 8.85 7.05 4.8  8.85 7.12 4.72 8.85 7.12 4.72 8.85
 7.05 4.8 ]
[8.93 7.05 4.8  8.93 6.97 4.8  8.93 6.97 4.8  9.   6.9  4.72 9.07 6.97
 4.72 8.93 6.97 4.72 8.85 6.97 4.72 8.85 6.97 4.72 8.85 7.05 4.72 8.85
 7.05 4.8 ]



                                                          NEW Y:
[9.75 6.22 5.7  9.45 6.22 5.62 8.4  6.3  5.62 8.62 6.15 5.62 9.23 6.15
 5.7  9.23 6.15 5.62 9.15 6.3  5.7  9.38 6.9  5.7  9.38 7.57 5.7  9.45
 6.45 5.7 ]
[9.45 6.9  5.62 9.45 6.9  5.7  9.38 6.97 5.7  9.38 6.75 5.7  9.38 6.75
 5.7  9.38 6.82 5.7  9.3  6.82 5.7  9.3  6.9  5.78 9.15 6.9  5.7  9.23
 6.97 5.7 ]
[9.3  7.2  5.7  9.   7.2  5.7  9.   7.28 5.7  9.   7.2  5.7  9.07 7.28
 5.78 9.07 7.43 5.78 9.   7.35 5.7  9.   7.65 5.7  9.   7.57 5.7  9.07
 7.57 5.78]
[9.15 7.88 5.7  9.23 7.72 5.78 9.23 7.72 5.78 9.15 7.8  5.62 9.15 7.65
 5.47 9.07 7.72 5.85 9.15 7.5  5.78 9.15 7.65 5.62 9.15 7.8  5.7  9.23
 7.65 5.85]
[8.7  6.53 5.7  9.15 6.53 5.7  9.07 6.6  5.7  9.07 6.68 5.7  9.23 6.68
 5.7  9.3  6.53 5.7  9.15 6.45 5.85 9.   6.45 5.78 8.85 6.53 5.78 8.93
 6.6  5.78]
