


                                                          NEW Y:
[4.5  7.05 3.6  4.5  6.75 5.1  4.43 6.68 6.45 4.43 6.45 6.53 4.72 6.6
 6.38 4.5  7.12 5.93 4.43 6.53 5.32 4.28 6.82 4.72 4.12 6.6  4.12 4.2
 6.68 4.05]
[4.2  6.45 7.35 4.2  6.38 3.75 4.2  7.35 3.08 4.2  9.15 3.53 4.28 7.57
 4.65 4.28 7.65 5.55 4.28 8.18 5.47 4.28 7.12 6.68 4.28 7.28 5.1  4.28
 8.1  5.93]
[4.2  8.62 7.05 4.12 9.6  7.65 3.97 7.72 6.3  3.97 7.12 5.47 4.05 5.85
 6.53 3.9  5.7  7.12 3.97 5.85 6.82 3.97 6.15 5.7  4.05 7.05 5.62 4.12
 7.65 5.7 ]



                                                          NEW Y:
[5.32 5.25 3.6  5.4  5.18 3.6  5.4  5.4  3.53 5.4  5.4  3.53 5.4  5.62
 3.45 5.4  5.55 3.45 5.4  5.4  3.6  5.4  5.25 3.67 5.4  5.32 3.67 5.47
 5.25 3.67]
[5.62 5.25 3.45 5.55 5.18 3.38 5.62 5.25 3.38 5.62 5.18 3.38 5.62 5.18
 3.38 5.62 5.18 3.38 5.62 5.18 3.38 5.55 5.18 3.53 5.55 5.18 3.6  5.62
 5.18 3.53]
[5.55 5.25 3.67 5.25 5.32 3.45 5.32 5.32 3.45 5.32 5.32 3.45 5.32 5.32
 3.45 5.4  5.18 3.53 5.4  5.1  3.53 5.4  5.18 3.53 5.4  5.18 3.53 5.4
 5.25 3.53]



                                                          NEW Y:
[5.78 4.65 4.35 5.7  4.57 4.28 5.78 4.5  4.2  5.62 4.5  4.2  5.62 4.57
 4.35 5.55 4.65 4.28 5.32 4.57 4.2  5.32 4.57 4.28 5.4  4.72 4.28 5.47
 4.8  4.28]
[5.62 4.57 4.43 5.62 4.57 4.57 5.62 4.57 4.57 5.62 4.65 4.65 5.62 4.65
 4.57 5.78 4.72 4.57 5.78 4.72 4.5  5.78 4.72 4.43 5.78 4.8  4.28 5.78
 4.72 4.28]



                                                          NEW Y:
[5.62 4.5  4.2  5.55 4.5  4.12 5.55 4.5  4.12 5.4  4.5  4.2  5.4  4.57
 4.2  5.32 4.65 4.12 5.32 4.65 3.97 5.32 4.65 4.12 5.4  4.8  4.35 5.4
 4.88 4.35]
[6.07 4.8  4.35 6.07 4.8  4.35 6.07 4.8  4.35 6.07 4.88 4.28 6.07 4.88
 4.28 6.   4.72 4.35 6.   4.72 4.28 6.   4.65 4.28 6.07 4.57 4.28 6.
 4.5  4.28]



                                                          NEW Y:
[5.1  8.25 4.2  5.1  8.25 4.2  5.25 8.18 4.2  5.4  8.25 4.35 5.47 8.25
 4.43 5.32 8.02 4.43 5.32 8.18 4.43 5.25 8.4  4.43 5.18 8.62 4.28 5.25
 8.93 4.35]
[5.47 8.32 4.72 5.32 8.1  4.65 5.47 8.48 4.57 5.47 8.7  4.43 5.4  8.62
 4.28 5.4  8.48 4.12 5.32 8.4  4.2  5.32 8.77 4.28 5.32 9.07 4.35 5.4
 8.85 4.28]



                                                          NEW Y:
[6.75 4.2  7.65 6.82 4.2  7.72 7.05 4.28 7.8  6.97 4.5  7.88 6.82 4.5
 7.88 6.82 4.35 8.02 6.82 4.65 8.02 6.82 4.72 7.88 6.9  4.72 7.88 6.9
 4.88 7.95]
[7.12 5.25 7.57 7.12 5.1  7.57 7.05 5.03 7.57 7.05 5.1  7.43 7.05 5.18
 7.43 7.05 5.1  7.43 7.12 5.03 7.43 7.05 5.1  7.5  6.82 5.1  7.5  6.82
 5.18 7.5 ]



                                                          NEW Y:
[8.48 5.1  7.2  8.18 5.1  7.12 7.65 5.1  6.97 7.35 5.1  6.97 7.05 5.18
 6.97 7.12 5.25 7.05 7.28 5.25 6.97 7.2  5.32 7.12 7.28 5.32 7.2  7.12
 5.25 7.2 ]
[7.65 5.25 6.9  7.5  5.25 6.82 7.57 5.25 6.82 7.72 5.25 6.82 7.8  5.18
 6.9  7.8  5.1  6.9  7.8  5.1  6.9  7.95 5.1  6.97 7.95 5.1  6.9  7.95
 5.1  6.82]



                                                          NEW Y:
[3.45 5.1  5.78 3.45 5.25 5.85 3.3  5.4  6.3  3.45 5.47 6.6  3.53 5.55
 6.6  3.6  5.4  6.22 3.67 5.25 5.85 3.6  5.18 5.78 3.6  5.1  6.38 3.67
 5.1  6.97]
[3.6  4.95 6.   3.6  4.95 6.07 3.67 4.95 5.93 3.67 4.95 5.93 3.6  5.03
 6.   3.45 5.1  6.3  3.45 5.1  6.6  3.6  5.1  6.82 3.45 5.03 6.75 3.45
 4.95 6.68]



                                                          NEW Y:
[3.9  5.18 6.22 3.97 5.1  6.82 3.9  5.1  6.75 3.9  5.1  6.15 3.75 5.18
 6.15 3.67 5.32 7.72 3.75 5.25 7.72 3.75 5.1  7.12 3.67 5.1  6.6  3.67
 5.4  6.45]
[3.6  6.22 7.2  3.6  6.07 7.12 3.67 5.78 6.9  3.6  5.55 6.9  3.53 5.25
 7.12 3.6  5.1  7.35 3.6  5.1  7.57 3.6  5.1  7.8  3.53 5.18 7.8  3.53
 5.18 7.5 ]



                                                          NEW Y:
[4.12 5.47 6.45 4.2  5.4  6.38 4.12 5.4  6.3  4.12 5.32 6.38 4.05 5.25
 6.38 3.97 5.25 6.45 3.9  5.25 6.53 3.9  5.25 6.3  3.97 5.4  6.38 3.9
 5.47 6.38]
[4.28 5.1  6.97 4.35 5.25 6.68 4.43 5.55 6.45 4.28 5.32 6.45 3.9  5.18
 6.45 3.97 5.47 6.38 4.28 5.78 6.15 4.43 5.7  6.15 4.05 5.78 5.93 3.83
 5.85 5.7 ]



                                                          NEW Y:
[4.28 5.4  6.53 4.28 6.97 6.38 4.28 7.57 6.38 4.28 5.03 6.38 4.28 4.95
 6.53 4.28 4.88 6.53 4.43 4.88 6.45 4.28 5.03 6.75 4.35 5.32 7.2  4.35
 6.22 7.5 ]
[4.35 5.18 6.75 4.35 5.55 7.05 4.35 5.7  7.28 4.35 5.62 7.5  4.28 5.4
 7.72 4.28 5.1  7.88 4.28 5.4  7.88 4.28 5.4  7.65 4.2  5.1  7.57 4.2
 5.18 7.57]



                                                          NEW Y:
[4.2  6.9  7.5  4.2  6.45 7.8  4.05 6.07 7.88 4.2  6.15 7.88 4.43 6.3
 7.95 4.65 6.38 7.95 4.43 7.65 7.95 4.2  7.57 7.8  4.43 6.53 7.5  4.57
 5.93 7.65]
[4.43 6.75 7.12 4.43 7.2  7.8  4.43 8.02 7.65 4.5  7.43 7.95 4.43 6.75
 8.1  4.43 6.15 6.6  4.43 6.22 6.9  4.35 6.15 6.97 4.35 6.97 7.2  4.35
 6.53 7.5 ]



                                                          NEW Y:
[4.5  5.93 7.2  4.28 6.07 7.28 4.12 6.07 7.28 4.05 6.38 7.28 4.2  6.38
 7.2  4.43 6.53 7.12 4.28 6.45 7.05 4.05 6.38 7.05 3.9  6.38 6.97 4.05
 6.53 6.97]
[3.9  6.68 7.05 3.9  6.68 7.12 3.9  6.68 7.2  3.9  6.75 7.2  3.83 6.75
 7.12 3.9  6.75 6.97 3.9  6.75 6.75 3.9  6.82 6.9  3.9  6.75 7.05 3.97
 6.75 6.97]



                                                          NEW Y:
[4.72 6.07 5.78 4.72 6.   5.78 4.72 6.   5.78 4.65 5.78 5.7  4.72 5.85
 5.7  4.72 6.07 5.78 4.72 6.07 5.78 4.72 6.   5.78 4.72 5.93 5.78 4.65
 5.93 5.78]
[4.72 5.93 5.85 4.72 6.15 5.78 4.72 6.07 5.7  4.72 6.15 5.7  4.72 6.07
 5.78 4.72 6.07 5.85 4.72 6.38 5.78 4.72 6.   5.78 4.65 5.7  5.78 4.72
 5.55 5.7 ]



                                                          NEW Y:
[4.72 6.   5.85 4.72 6.07 5.85 4.72 6.07 5.85 4.72 5.93 5.7  4.72 5.93
 5.7  4.65 5.85 5.78 4.72 5.78 5.7  4.65 5.78 5.78 4.72 5.93 5.78 4.72
 5.85 5.78]
[4.88 6.15 5.78 4.8  6.15 5.85 4.8  6.22 5.85 4.72 6.38 5.85 4.72 6.07
 5.85 4.72 6.   5.85 4.72 6.07 5.93 4.88 6.38 5.93 4.88 6.3  5.93 4.8
 6.07 5.93]



                                                          NEW Y:
[4.35 3.83 5.4  4.28 3.83 5.32 4.43 4.05 5.47 4.43 4.35 5.47 4.43 4.35
 5.4  4.5  3.9  5.32 4.5  3.97 5.4  4.5  3.97 5.4  4.57 3.67 5.4  4.5
 3.53 5.4 ]
[4.35 3.6  5.32 4.35 3.6  5.32 4.35 3.67 5.32 4.35 3.83 5.32 4.35 3.9
 5.32 4.35 3.83 5.32 4.28 3.9  5.32 4.2  3.75 5.4  4.2  3.9  5.47 4.28
 3.9  5.47]



                                                          NEW Y:
[4.8  3.67 5.78 4.8  3.75 5.7  4.72 3.67 5.78 4.72 3.6  5.78 4.8  3.6
 5.78 4.8  3.75 5.78 4.8  3.67 5.78 4.8  3.75 5.78 4.8  3.6  5.7  4.72
 3.75 5.78]
[4.8  3.67 5.85 4.8  3.67 5.85 4.8  3.67 5.85 4.72 3.67 5.7  4.8  3.67
 5.7  4.8  3.67 5.7  4.72 3.67 5.7  4.72 3.75 5.7  4.72 3.9  5.7  4.8
 3.83 5.7 ]



                                                          NEW Y:
[ 4.95 10.88  4.95  4.95 10.88  4.95  5.03 10.8   4.95  5.03 10.8   4.88
  5.1  10.8   4.88  5.1  10.8   4.88  5.1  10.73  4.88  5.03 10.8   4.88
  4.95 10.8   4.88  4.95 10.8   4.95]
[ 5.03 10.88  4.95  5.1  10.8   4.95  5.18 10.65  4.95  5.18 10.57  4.95
  5.25 10.65  4.95  5.1  10.95  4.95  4.95 11.25  5.03  5.1  11.02  5.03
  5.32 11.02  4.95  5.78 10.95  5.03]



                                                          NEW Y:
[ 4.88 10.27  5.03  4.88 10.2   5.18  4.8  10.27  5.1   4.88 10.2   5.18
  4.88 10.2   5.1   4.95 10.2   5.03  4.88 10.2   4.95  4.88 10.2   4.88
  5.03 10.2   5.03  4.95 10.35  5.1 ]
[ 4.72 10.73  5.03  4.5  10.73  4.95  5.03 10.5   5.03  5.55 10.2   5.03
  5.47 10.2   4.95  5.18 10.2   5.03  5.18 10.2   5.03  4.5  10.27  5.03
  5.32 10.2   5.03  5.25 10.27  4.95]



                                                          NEW Y:
[ 5.25 10.05  4.88  5.7   9.9   4.8   5.18  9.98  5.18  4.57  9.75  5.18
  4.72  9.75  5.18  5.03  9.52  5.18  4.35  9.3   5.18  4.5   9.23  5.18
  4.43  9.38  5.1   4.2   9.45  5.18]
[4.28 9.75 5.25 4.2  9.3  5.1  4.12 9.15 5.25 4.8  9.07 5.32 4.65 9.38
 5.4  4.5  9.6  5.4  4.35 9.38 5.4  4.5  9.38 5.32 4.43 9.23 5.47 4.57
 8.85 5.47]



                                                          NEW Y:
[4.5  7.43 2.85 4.43 7.57 2.55 4.43 7.12 2.47 4.28 6.82 2.47 4.43 6.9
 2.62 4.5  6.9  2.55 4.5  6.97 2.62 4.5  6.9  2.62 5.1  6.82 2.55 5.4
 7.28 2.62]
[4.28 8.32 2.47 4.28 8.18 2.47 4.35 8.7  2.62 4.43 8.85 2.7  4.35 8.7
 2.7  4.43 8.48 2.62 4.43 8.4  2.7  4.5  8.48 2.7  4.65 8.4  2.55 4.57
 8.25 2.62]



                                                          NEW Y:
[4.5  8.18 2.62 4.5  8.25 2.7  4.5  8.18 2.7  4.5  8.1  2.62 4.5  8.02
 2.7  4.43 8.02 2.62 4.43 8.02 2.62 4.43 8.1  2.62 4.35 8.18 2.62 4.57
 8.18 2.62]
[4.43 8.18 2.62 4.43 8.18 2.62 4.43 8.25 2.55 4.43 8.25 2.55 4.43 8.18
 2.55 4.43 8.32 2.62 4.35 8.32 2.62 4.35 8.4  2.7  4.35 8.4  2.7  4.35
 8.32 2.62]



                                                          NEW Y:
[4.5  5.55 8.18 4.57 5.55 8.1  4.57 5.47 8.1  4.57 5.47 8.1  4.5  5.47
 8.18 4.5  5.47 8.18 4.57 5.4  8.18 4.57 5.47 8.18 4.57 5.47 8.25 4.57
 5.55 8.25]
[4.57 5.4  8.02 4.65 5.4  8.02 4.5  5.47 8.02 4.65 5.47 8.02 4.43 5.47
 8.02 4.65 5.4  8.1  4.8  5.32 8.18 4.5  5.4  8.18 4.5  5.4  8.18 4.57
 5.4  8.02]



                                                          NEW Y:
[4.57 6.82 4.5  4.57 6.53 4.57 4.57 5.93 4.57 4.57 5.93 4.57 4.65 5.32
 4.5  4.57 4.8  4.5  4.5  4.72 4.5  4.5  5.03 4.72 4.5  5.1  4.5  4.57
 5.03 4.43]
[4.57 4.28 4.57 4.8  4.12 4.5  5.25 4.35 4.57 4.95 4.43 4.65 4.72 4.43
 4.72 4.72 4.43 4.65 4.65 5.25 4.57 4.65 5.32 4.5  4.57 4.2  4.5  4.65
 4.12 4.5 ]



                                                          NEW Y:
[6.53 3.9  3.83 6.   4.12 4.35 5.7  3.6  4.12 5.7  3.   3.9  6.   2.7
 3.9  6.22 2.62 3.83 9.6  2.55 3.75 8.48 2.47 3.83 6.75 2.78 4.05 4.72
 6.38 3.75]
[5.03 4.2  3.45 6.   5.62 3.08 5.4  3.97 3.53 5.47 3.9  3.53 4.95 5.7
 2.85 4.95 4.5  3.38 6.3  4.2  3.08 4.2  3.53 2.17 4.72 3.6  2.17 5.4
 4.57 2.7 ]
[5.55 4.65 2.4  5.1  4.65 2.7  4.72 4.65 3.97 4.35 4.65 3.6  4.05 4.57
 3.9  3.9  4.65 3.08 3.75 4.72 3.3  3.6  4.88 3.08 3.45 4.95 3.45 3.45
 4.2  3.97]
[6.   3.38 1.73 5.78 3.83 1.8  6.07 4.35 1.95 5.93 4.28 2.1  5.62 3.75
 2.17 5.25 5.25 2.03 6.07 5.18 1.88 5.55 4.2  1.95 5.4  4.05 2.1  6.22
 3.67 2.03]
[5.25 4.2  2.1  5.18 4.57 2.47 5.18 4.2  2.25 5.1  4.5  1.42 5.1  5.18
 1.73 5.1  5.47 1.73 5.18 5.85 2.1  5.18 6.07 1.73 5.25 4.8  2.1  5.62
 4.05 1.88]
[ 5.62  7.65  1.8   5.62  7.72  1.8   6.15  7.2   1.88  5.78  7.2   1.73
  6.53  6.07  1.5   6.6   9.52  1.35  7.43 11.55  1.27  7.05 10.8   1.2
  7.05 10.65  1.12  6.07 10.73  0.98]
[7.65 7.8  2.62 7.65 7.12 3.3  7.65 6.68 2.78 7.65 6.9  3.3  7.5  4.88
 3.3  7.12 5.93 3.75 7.28 5.7  3.22 7.65 5.1  3.3  8.62 5.1  2.47 6.3
 6.   3.08]
[ 6.3   6.45  3.3   6.    6.45  3.75  8.1   6.38  3.75  8.77  6.38  3.67
  7.43  6.68  3.3   9.3   6.68  3.38 11.1   6.82  3.45 11.85  7.12  3.53
 11.55  7.05  3.83 10.12  6.68  3.97]
[ 9.23  6.38  3.97 10.88  6.    3.9  11.32  5.93  3.15 10.95  6.07  2.85
 10.73  5.85  4.65 10.5   5.7   8.77  9.45  5.78  7.43  8.32  6.22  7.35
  9.    6.15  7.57 10.05  5.55  8.55]
[7.2  4.2  3.9  8.62 4.28 3.83 6.6  4.43 4.28 6.97 4.57 4.35 6.38 4.57
 4.35 5.93 4.65 4.5  7.05 4.5  4.57 8.77 4.5  4.72 9.75 4.5  4.65 9.3
 4.8  4.8 ]



                                                          NEW Y:
[6.22 4.88 3.67 6.97 5.55 2.85 7.35 6.22 2.92 7.5  5.4  3.83 7.2  4.95
 3.22 6.9  4.35 3.38 6.53 3.38 2.7  6.07 4.72 3.67 5.55 3.9  2.92 5.32
 4.2  4.8 ]
[6.38 4.12 4.95 4.95 4.05 4.5  6.38 3.9  3.38 6.82 3.97 3.   5.55 4.12
 2.78 4.8  4.28 2.17 4.5  3.9  1.95 4.2  4.2  2.47 4.2  3.83 3.15 4.35
 3.9  2.7 ]
[4.5  8.7  2.17 5.32 9.75 2.1  5.55 9.75 2.17 5.85 9.75 2.17 6.07 9.07
 2.1  5.4  9.3  2.1  5.62 9.38 1.95 5.85 9.3  2.03 6.45 9.23 2.03 6.07
 9.15 2.1 ]
[6.15 5.03 1.2  6.38 4.65 1.42 6.3  4.72 1.88 6.9  5.1  2.33 6.3  6.15
 2.17 5.93 4.95 1.8  7.5  5.55 1.27 7.57 5.85 1.2  6.6  4.8  1.58 6.6
 7.05 2.17]
[6.53 6.22 3.45 5.85 6.15 3.53 5.55 4.95 2.25 5.47 5.03 2.85 6.07 5.25
 3.67 6.53 4.57 2.62 8.7  4.72 3.9  7.57 5.4  3.38 8.93 7.35 3.6  6.07
 8.62 3.6 ]
[6.38 5.62 3.83 6.07 5.78 3.67 6.15 5.7  3.53 6.15 5.78 3.45 6.15 5.78
 6.53 6.07 5.78 4.2  6.07 5.85 6.68 6.07 5.78 6.75 6.22 5.7  5.78 6.15
 5.62 3.38]



                                                          NEW Y:
[4.5  5.1  4.5  4.43 5.18 4.43 4.35 5.18 4.28 4.35 5.1  4.35 4.43 5.25
 4.35 4.35 5.1  4.35 4.28 5.1  4.35 4.28 5.03 4.35 4.28 5.1  4.28 4.35
 5.03 4.35]
[4.28 4.95 4.43 4.28 4.88 4.35 4.28 4.8  4.35 4.28 4.88 4.28 4.28 4.88
 4.35 4.28 4.88 4.35 4.28 4.95 4.43 4.35 4.95 4.43 4.35 5.03 4.43 4.35
 4.95 4.43]
[4.43 5.18 4.43 4.43 5.1  4.43 4.43 5.18 4.43 4.35 5.18 4.43 4.43 5.18
 4.5  4.35 5.1  4.5  4.35 5.1  4.5  4.35 5.1  4.57 4.35 5.1  4.57 4.43
 5.1  4.57]
[4.28 4.88 4.5  4.35 4.8  4.5  4.35 4.8  4.5  4.35 4.88 4.5  4.28 4.88
 4.43 4.28 4.95 4.28 4.35 5.03 4.28 4.28 5.03 4.35 4.28 5.1  4.35 4.35
 5.18 4.35]
[4.28 5.1  4.65 4.28 5.1  4.65 4.28 5.1  4.65 4.28 5.1  4.57 4.2  5.25
 4.57 4.28 5.18 4.57 4.2  5.25 4.57 4.28 5.32 4.65 4.2  5.32 4.57 4.2
 5.32 4.57]
[4.05 5.4  4.35 4.12 5.47 4.35 4.2  5.4  4.28 4.2  5.4  4.35 4.12 5.4
 4.35 3.97 5.4  4.5  3.9  5.32 4.35 3.9  5.4  4.35 3.97 5.4  4.35 3.97
 5.47 4.28]



                                                          NEW Y:
[5.32 5.62 5.47 5.32 5.7  5.32 5.25 5.62 5.25 5.25 5.62 5.32 5.25 5.7
 5.25 5.18 5.7  5.25 5.18 5.7  5.7  5.1  5.7  5.47 5.1  5.7  5.62 5.03
 5.62 7.12]
[4.95 5.85 6.53 4.95 5.78 6.75 4.95 5.85 6.6  4.95 5.93 6.53 4.95 6.
 6.6  4.95 6.07 6.6  4.88 6.07 6.6  4.8  6.07 6.75 4.8  6.07 7.43 4.8
 6.15 7.88]



                                                          NEW Y:
[6.68 5.1  3.75 4.43 5.47 4.28 5.25 6.   4.2  5.32 5.47 3.53 5.32 5.1
 4.95 5.32 6.07 3.9  5.18 5.4  2.92 6.   5.4  2.78 9.3  5.55 2.92 8.02
 5.25 3.15]
[3.08 5.25 4.65 3.15 6.68 3.3  3.22 6.68 2.78 3.38 6.45 2.92 3.67 5.78
 2.62 3.9  4.28 3.9  3.6  4.72 4.95 3.22 5.47 3.45 3.38 4.88 3.75 3.38
 4.05 3.97]
[3.67 5.18 4.28 3.9  4.95 5.55 3.83 4.8  6.45 3.97 5.78 5.62 4.05 4.95
 2.78 4.05 4.5  2.62 4.72 5.25 2.55 4.72 4.88 2.4  3.83 5.4  3.22 3.83
 6.68 3.9 ]



                                                          NEW Y:
[10.8  13.35  9.75 12.3  14.25  9.75  8.4  13.2   9.45  9.3  14.25  9.15
  9.15 13.35  9.45  8.7  13.5   9.45  8.7  13.2   9.3   8.55 13.35  9.45
  8.7  13.65  9.45  8.55 14.7   9.45]
[ 8.7  12.75  8.85  8.7  13.2   9.15  9.   13.5   9.    9.45 13.65  8.85
  9.9  13.35  9.15  9.6  14.85  9.3   9.   13.95  9.45  8.85 12.6   9.3
  9.15 12.3   9.    9.15 11.1   9.15]
[ 9.15 12.6   9.    9.3  12.6   9.    9.15 11.85  8.85  9.   12.6   8.85
  9.15 13.65  8.85  8.85 13.2   9.15  8.55 12.45  9.    8.85 12.45  9.
  9.   12.75  8.85  8.85 13.35  9.  ]



                                                          NEW Y:
[ 9.9  17.4   7.35  9.75 16.5   9.9   9.75 13.05 10.65 10.05 10.95  9.75
 10.05  8.4  10.95  9.9   9.    8.55  9.3  10.35  7.35  9.6  11.4   7.95
 10.2  10.5   7.35  9.3  10.8   7.2 ]
[20.85 11.7   8.4  20.55 10.35  8.25 19.35  9.9   8.7  15.   10.2   8.7
 14.85 10.65  8.7  13.35  9.6   7.95 15.15 10.65  7.8  15.   10.2   8.1
 15.    9.75  7.65 16.5   9.75  7.95]
[11.25  8.85  7.65 10.2  10.2   7.95 11.7  10.65 11.4  10.95  8.85  7.05
 10.35  8.55  5.85 10.5   9.45  6.   14.25 11.25  8.55 15.45 10.95  7.65
 15.   11.7   8.7  12.9   9.3   8.55]



                                                          NEW Y:
[2.25 2.85 6.9  2.1  2.85 6.75 2.1  2.85 6.75 2.1  2.85 6.75 2.1  2.85
 6.9  2.25 2.85 6.9  2.1  2.85 6.9  2.1  2.85 6.9  2.25 2.85 6.9  2.1
 2.85 6.9 ]
[2.4  2.85 6.75 2.4  2.85 6.75 2.25 2.85 6.75 2.25 2.85 6.75 2.25 2.85
 6.75 2.4  2.85 6.75 2.4  2.85 6.75 2.4  2.85 6.75 2.4  3.   6.6  2.25
 2.85 6.75]
[2.4  2.85 6.6  2.4  2.85 6.6  2.4  2.85 6.6  2.4  2.85 6.6  2.4  2.85
 6.6  2.4  2.85 6.6  2.4  3.   6.75 2.4  3.   6.75 2.4  2.85 6.6  2.4
 2.85 6.6 ]



                                                          NEW Y:
[ 7.65  1.2   7.5   7.65  1.35  7.2   7.8   1.2   6.9   7.95  1.2   7.05
  7.8   1.35  7.2   7.65  1.2   8.85  7.2   1.2  11.4   7.35  1.2  12.
  7.2   1.2  12.15  7.05  1.2  12.15]
[7.95 1.2  5.85 7.95 1.35 5.7  7.8  1.35 5.85 7.65 1.5  5.85 7.65 1.5
 5.7  7.5  1.5  5.7  7.65 1.5  5.7  8.1  1.5  5.55 9.3  1.5  5.55 7.8
 1.5  5.55]
[7.95 1.5  4.5  7.5  1.5  4.8  7.2  1.5  4.95 7.8  1.5  5.1  7.65 1.5
 4.95 7.5  1.5  4.8  7.5  1.5  4.8  7.95 1.5  4.8  7.65 1.2  4.95 7.2
 1.2  5.1 ]



                                                          NEW Y:
[4.65 3.6  8.55 4.65 4.05 8.25 4.65 3.45 8.25 4.65 2.4  8.4  4.5  2.1
 8.4  4.5  2.4  8.25 4.5  2.85 8.1  4.35 2.4  8.25 4.35 3.15 8.25 4.35
 3.3  8.25]
[4.65 2.1  8.25 4.65 2.1  8.4  4.65 2.1  8.25 4.65 2.1  8.4  4.8  2.1
 8.4  4.65 2.1  8.4  4.65 2.1  8.55 4.8  2.1  8.55 4.65 2.1  8.4  4.8
 2.1  8.55]
[4.65 1.95 7.8  4.65 2.1  7.8  4.8  2.1  8.4  4.8  2.1  8.1  4.8  2.1
 7.8  4.65 2.1  8.25 4.65 2.25 8.1  4.65 2.1  8.25 4.65 2.1  8.4  4.65
 2.1  8.1 ]



                                                          NEW Y:
[3.75 2.25 4.65 3.75 2.25 4.65 3.75 2.4  4.8  3.75 2.85 4.65 3.9  3.15
 4.8  3.9  3.   4.65 3.9  2.85 4.65 3.9  2.55 4.65 3.9  2.55 4.65 3.9
 2.55 4.8 ]
[3.75 2.4  4.8  3.9  2.55 4.95 3.9  2.85 4.65 3.75 3.   4.35 3.75 2.55
 4.5  3.9  2.55 4.35 3.75 2.55 4.65 3.9  2.4  4.8  3.75 2.4  4.8  3.75
 2.25 4.65]
[3.6  3.75 3.75 3.6  3.45 3.75 3.6  3.3  3.75 3.3  3.   3.75 3.6  3.
 3.75 3.75 3.15 3.75 3.3  3.15 3.75 3.15 3.15 3.75 3.15 3.   3.75 3.15
 3.   3.75]



                                                          NEW Y:
[5.85 2.85 2.25 5.85 2.85 2.25 5.85 2.85 2.25 5.85 2.7  2.1  6.   2.85
 2.25 6.   2.85 2.25 6.   2.7  2.25 6.   2.85 2.25 6.   2.85 2.1  6.
 2.85 2.1 ]
[6.   2.85 2.25 5.85 2.85 2.1  5.85 2.85 2.1  5.85 2.85 2.1  6.   2.85
 2.1  6.   2.85 2.1  6.   2.85 1.95 6.15 2.85 1.95 6.   2.85 1.95 6.
 2.85 2.1 ]
[5.1  3.   2.1  5.1  2.85 2.25 4.95 3.   2.25 4.95 3.   2.1  4.95 3.
 2.1  4.95 3.   2.1  5.1  2.85 2.1  5.1  2.85 2.25 5.1  2.85 2.25 5.25
 2.85 2.1 ]



                                                          NEW Y:
[6.45 0.75 1.05 6.15 1.05 0.9  5.85 1.35 1.05 5.7  0.   1.05 5.55 0.75
 1.05 4.65 2.1  0.9  7.5  2.25 0.9  8.4  2.4  0.9  6.45 2.4  0.9  7.5
 2.25 1.05]
[11.7   2.7   1.05 11.85  2.25  1.2  11.25  2.4   1.05 11.7   2.25  0.9
 11.4   1.5   0.9  10.65  1.05  1.05  9.9   2.55  1.05 10.35  2.1   1.05
  9.9   1.65  1.05  9.15  1.2   1.05]
[4.65 2.1  0.9  4.65 1.95 0.9  4.8  1.65 1.05 4.35 1.5  1.05 3.9  1.05
 1.2  3.75 1.2  1.05 3.3  0.9  1.2  3.15 1.05 1.2  3.3  0.9  1.05 3.3
 0.9  1.05]



                                                          NEW Y:
[4.5  2.1  1.5  3.   1.8  1.35 4.5  1.65 1.5 ]
[5.1  1.8  1.5  5.25 1.95 1.5  4.8  1.95 1.5 ]
[5.25 1.8  1.5  5.1  1.8  1.5  5.25 1.65 1.5 ]
[5.4  1.8  1.65 5.55 1.8  1.65 5.55 1.8  1.5 ]
[5.55 1.8  1.65 5.55 1.8  1.65 5.55 1.8  1.65]
[5.55 1.8  1.65 5.55 1.8  1.65 5.7  1.8  1.5 ]



                                                          NEW Y:
[ 7.65  2.25  1.2  10.5   2.55  1.2   6.45  2.55  1.35]
[4.2  2.1  1.2  3.75 2.25 1.2  3.45 2.25 1.2 ]
[3.15 1.65 1.35 2.85 2.1  1.35 2.7  2.25 1.2 ]
[1.95 2.1  1.35 1.8  2.25 1.35 1.95 2.1  1.35]
[1.95 2.25 1.35 1.95 2.4  1.2  2.1  2.25 1.2 ]
[1.8  2.25 1.35 1.8  2.25 1.2  1.8  2.25 1.2 ]



                                                          NEW Y:
[2.85 2.25 1.35 2.85 2.4  1.35 2.85 2.25 1.35 2.7  2.4  1.35 2.85 2.25
 1.2 ]
[3.3  2.25 1.05 4.05 2.55 1.2  4.05 2.55 1.2  3.   2.7  1.05 0.9  2.55
 1.2 ]
[4.5  3.15 1.35 4.5  3.15 1.2  5.25 3.   1.35 5.25 3.   1.2  4.8  3.
 1.2 ]
[4.2  3.15 1.2  4.35 3.15 1.2  4.35 3.15 1.2  4.35 3.15 1.2  4.5  3.15
 1.2 ]
[4.35 3.15 1.2  4.5  3.15 1.2  4.35 3.15 1.2  4.2  3.15 1.2  4.35 3.
 1.2 ]
[4.5  3.   1.05 4.5  3.15 1.05 4.35 3.   1.05 4.35 3.   1.05 4.35 3.15
 1.05]



                                                          NEW Y:
[4.2  3.   1.05 4.2  3.   1.05 4.2  2.85 1.05 4.35 3.   1.05 4.5  2.85
 1.2  4.5  3.   1.05 4.35 3.   1.05 4.35 3.   1.05 4.5  3.   1.2  4.35
 3.   1.05]
[4.5  3.   1.05 4.05 3.   1.05 4.05 2.85 1.05 4.05 2.85 1.05 3.9  2.85
 1.05 4.05 2.85 1.05 3.9  2.85 1.05 4.2  2.85 1.05 4.5  2.85 1.05 4.35
 2.7  0.9 ]
[4.05 2.85 1.05 4.2  2.7  1.05 4.2  2.85 1.05 4.05 2.85 0.9  4.05 2.85
 0.9  4.2  2.85 1.05 4.2  2.85 0.9  4.35 2.85 0.9  3.9  2.85 1.05 3.9
 2.7  1.05]
[4.05 2.85 1.05 4.05 2.85 1.05 3.9  2.85 1.05 3.9  2.85 1.05 4.05 3.
 1.05 4.05 2.85 1.05 4.05 2.85 1.05 3.9  3.   1.05 3.9  2.85 1.05 3.9
 2.85 0.9 ]
[3.9  2.85 1.35 4.05 2.85 1.35 4.05 3.   1.35 4.05 2.85 1.35 4.05 3.
 1.35 3.9  3.   1.35 3.9  2.85 1.35 4.05 2.85 1.35 4.05 2.85 1.35 4.05
 2.85 1.35]
[4.05 2.85 1.05 4.05 2.85 1.2  4.05 2.85 1.2  4.05 2.85 1.2  3.9  2.85
 1.2  3.9  2.85 1.2  4.05 2.85 1.2  4.05 2.85 1.2  3.9  2.85 1.2  4.05
 2.85 1.2 ]



                                                          NEW Y:
[3.9  1.35 1.2  4.05 0.75 1.2  3.45 1.2  1.2  3.3  1.8  1.35 4.05 2.1
 1.35 4.2  2.25 1.2  4.2  2.25 1.35 4.65 2.1  1.05 4.35 2.25 1.2  3.75
 2.25 1.2  4.2  2.1  1.35 3.6  2.1  1.35 3.3  2.25 1.2  3.6  1.95 1.2
 4.05 1.95 1.35]
[4.05 2.1  1.2  4.05 1.95 1.2  3.9  1.95 1.2  4.05 1.95 1.2  4.05 2.1
 1.2  4.05 1.95 1.2  4.2  1.95 1.2  4.2  2.1  1.2  4.2  1.95 1.2  4.05
 1.95 1.2  4.05 1.95 1.2  3.9  1.95 1.2  3.9  1.95 1.2  4.05 1.95 1.35
 4.2  1.95 1.2 ]
[4.05 2.1  1.2  4.05 1.95 1.35 4.05 1.95 1.2  4.05 2.1  1.2  4.05 2.1
 1.2  4.05 2.1  1.2  4.05 1.95 1.2  4.05 2.1  1.2  4.05 2.1  1.2  4.05
 2.1  1.2  4.05 2.1  1.2  3.9  2.1  1.2  4.05 2.1  1.35 4.05 2.1  1.2
 4.05 2.1  1.2 ]
[4.05 1.95 1.2  4.05 1.95 1.2  4.05 1.95 1.35 4.05 1.95 1.35 4.05 1.95
 1.35 4.05 1.95 1.2  4.05 1.95 1.2  4.05 2.1  1.2  4.05 1.95 1.2  4.05
 2.1  1.2  3.9  1.95 1.35 4.05 2.1  1.2  4.05 2.1  1.2  4.05 2.1  1.35
 4.05 1.95 1.35]
[4.05 1.95 1.2  4.05 1.95 1.35 4.2  1.95 1.2  4.05 2.1  1.2  4.2  2.1
 1.35 4.05 1.95 1.35 4.05 1.95 1.2  4.05 1.95 1.2  4.05 2.1  1.2  4.05
 1.95 1.2  4.05 1.95 1.2  4.05 1.95 1.2  4.2  2.1  1.35 4.05 2.1  1.35
 4.05 1.95 1.2 ]
[4.05 2.1  1.35 4.05 2.1  1.2  4.05 2.1  1.2  4.05 1.95 1.35 4.05 2.1
 1.2  4.05 2.1  1.2  4.05 2.1  1.2  4.05 1.95 1.2  4.05 2.1  1.2  4.05
 1.95 1.35 4.05 2.1  1.2  4.05 2.1  1.2  4.2  2.1  1.2  4.05 1.95 1.35
 4.2  1.95 1.35]



                                                          NEW Y:
[4.65 2.4  1.2  4.5  2.4  1.2  4.5  2.4  1.2  4.05 2.55 1.2  4.35 2.4
 1.2  4.2  2.55 1.2  4.2  2.4  1.2  4.35 2.4  1.2  4.35 2.55 1.2  4.2
 2.4  1.2  4.2  2.55 1.2  4.2  2.55 1.2  4.2  2.55 1.2  4.35 2.55 1.2
 4.2  2.55 1.2 ]
[3.6  2.4  1.2  3.75 2.4  1.2  3.75 2.4  1.2  3.9  2.4  1.2  3.9  2.4
 1.2  3.75 2.25 1.2  3.9  2.4  1.2  3.75 2.4  1.2  3.75 2.4  1.2  3.6
 2.4  1.35 3.45 2.4  1.35 3.75 2.4  1.2  3.9  2.4  1.2  3.9  2.4  1.35
 3.9  2.4  1.2 ]
[3.6  2.55 1.2  3.6  2.55 1.2  3.75 2.4  1.2  3.75 2.4  1.2  3.6  2.4
 1.35 3.75 2.4  1.2  3.6  2.7  1.2  3.6  2.4  1.2  3.6  1.8  1.2  3.6
 1.95 1.2  3.6  2.25 1.2  3.75 1.95 1.2  3.6  1.65 1.2  3.6  1.65 1.2
 3.9  1.65 1.2 ]
[4.05 1.65 1.2  3.9  1.5  1.2  3.9  1.65 1.35 3.9  1.8  1.35 4.05 1.95
 1.05 4.05 1.95 1.2  4.05 1.65 1.2  4.05 1.8  1.2  3.9  1.65 1.2  4.05
 1.95 1.35 4.05 1.8  1.05 4.2  2.25 1.05 4.2  1.65 1.05 4.2  1.8  1.05
 4.2  1.95 1.2 ]
[3.75 1.35 1.05 3.75 1.2  0.9  3.9  2.1  0.9  3.75 2.1  0.9  3.6  2.4
 1.05 3.75 2.1  1.05 3.45 1.95 0.9  3.6  1.5  0.9  3.75 1.95 0.9  3.75
 1.35 0.9  4.65 1.2  0.9  4.65 1.65 0.9  5.1  1.5  0.9  4.05 1.35 0.9
 4.95 2.25 1.05]
[5.55 1.95 1.05 5.55 1.65 1.05 5.7  2.4  1.2  5.55 2.25 1.2  5.7  2.1
 1.05 5.7  1.8  0.75 5.55 1.5  0.6  5.7  1.35 0.6  5.85 2.1  0.6  6.
 1.95 0.6  5.55 2.55 0.45 5.55 1.65 0.45 5.4  0.9  0.6  5.1  0.15 0.45
 5.4  1.65 0.45]



                                                          NEW Y:
[4.5  2.25 0.9  4.8  2.55 1.05 6.6  2.7  1.05 5.7  2.7  0.9  5.55 2.4
 1.05 4.8  2.1  1.05 5.1  2.25 1.05 5.4  2.25 1.05 4.8  2.4  1.05 4.8
 2.4  1.05]
[4.05 1.05 0.9  4.05 1.05 1.05 4.2  1.05 1.05 4.2  1.05 0.9  4.2  1.05
 0.9  4.2  1.05 1.05 4.5  1.05 1.05 4.5  0.9  1.05 4.5  1.05 1.05 4.35
 1.05 1.05]
[4.2  1.2  1.05 4.05 1.2  1.05 4.05 1.2  1.05 4.2  1.2  1.05 4.35 1.2
 1.05 4.35 1.2  1.05 4.5  1.2  1.05 4.35 1.05 1.05 4.2  1.05 1.05 4.35
 1.05 1.05]
[4.2  1.5  0.9  4.05 1.5  1.05 4.2  1.5  0.9  4.2  1.35 1.05 4.8  1.5
 1.05 3.9  1.2  1.05 4.05 1.35 1.05 4.2  1.5  1.05 4.05 1.65 0.9  4.05
 1.8  0.9 ]
[4.35 0.9  4.5  4.35 1.05 4.8  1.65 1.05 4.8  1.65 1.05 4.95 1.5  1.05
 4.95 1.35 1.05 4.8  1.65 0.9  5.25 1.65 0.9  5.25 1.8  1.05 4.95 1.8
 0.9  5.1 ]
[1.35 1.05 5.1  1.2  0.9  5.1  1.05 0.9  5.1  1.05 0.9  5.1  1.05 0.9
 5.1  1.05 0.9  5.1  1.05 0.9  5.7  1.2  0.9  5.85 1.2  0.9  5.85 1.2
 0.9  5.7 ]



                                                          NEW Y:
[4.05 0.3  1.2  4.2  0.3  1.2  4.2  0.   1.35]
[4.05 0.45 1.35 3.9  0.45 1.35 4.05 0.6  1.35]
[4.05 0.6  1.35 3.9  0.6  1.35 4.05 0.6  1.35]
[4.05 0.6  1.35 3.9  0.6  1.35 3.9  0.6  1.35]
[4.05 0.75 1.35 3.9  0.6  1.35 3.9  0.75 1.35]
[3.9  0.6  1.35 3.9  0.6  1.35 4.05 0.6  1.35]



                                                          NEW Y:
[3.6  2.25 1.35 4.05 2.4  1.2  4.2  2.25 1.2  4.05 2.25 1.2  4.2  2.4
 1.2 ]
[4.05 2.1  1.2  4.05 2.25 1.2  4.05 2.25 1.2  4.2  1.95 1.2  4.35 2.1
 1.2 ]
[3.9  1.35 1.2  3.9  1.35 1.2  3.9  1.35 1.2  4.05 1.5  1.2  3.9  1.35
 1.2 ]
[4.05 1.35 1.2  3.9  1.35 1.2  3.9  1.5  1.2  3.9  1.5  1.2  3.9  1.35
 1.2 ]
[3.9  1.5  1.2  3.9  1.5  1.2  3.9  1.65 1.35 3.9  1.5  1.35 3.9  1.2
 1.2 ]
[4.2  3.   1.2  4.8  2.7  1.35 4.5  2.55 1.2  4.05 2.55 1.35 3.9  2.7
 1.35]



                                                          NEW Y:
[3.15 2.1  1.65 3.15 2.1  1.65 3.15 2.1  1.65 3.15 2.1  1.65 3.15 2.1
 1.65 3.15 2.1  1.5  3.15 2.1  1.5  3.   2.1  1.65 3.15 2.1  1.5  3.
 2.1  1.65]
[3.75 1.95 1.5  3.45 1.95 1.5  4.05 2.1  1.5  3.75 1.95 1.35 3.75 2.1
 1.5  3.9  1.95 1.35 3.75 1.95 1.5  3.9  1.95 1.5  3.9  2.1  1.5  3.9
 2.1  1.5 ]
[4.2  1.95 1.5  4.35 1.95 1.5  4.2  2.1  1.35 4.2  1.95 1.5  4.2  1.95
 1.5  4.35 1.95 1.35 4.2  1.95 1.5  4.05 1.95 1.5  4.35 1.95 1.5  4.2
 1.95 1.5 ]
[4.5  1.95 1.5  4.35 2.1  1.5  4.35 1.95 1.5  4.2  1.95 1.35 4.35 1.95
 1.5  4.5  1.8  1.35 4.35 1.95 1.5  4.35 1.95 1.35 4.5  1.95 1.5  4.35
 1.95 1.5 ]
[4.5  2.1  1.5  4.5  2.1  1.5  4.5  2.1  1.5  4.5  1.95 1.5  4.35 2.1
 1.5  4.2  1.95 1.5  4.35 1.95 1.5  4.5  1.95 1.35 4.35 1.95 1.5  4.35
 1.95 1.35]
[4.5  1.95 1.5  4.5  2.1  1.5  4.35 1.95 1.5  4.35 1.95 1.5  4.2  1.95
 1.5  4.5  1.95 1.5  4.5  1.95 1.35 4.35 1.95 1.5  4.65 1.95 1.5  4.35
 1.95 1.5 ]



                                                          NEW Y:
[5.1  1.95 1.35 5.25 1.95 1.35 5.25 1.95 1.35 5.4  1.95 1.5  5.25 1.95
 1.35 5.25 2.1  1.35 5.4  1.95 1.35 5.1  1.95 1.35 5.1  2.1  1.35 5.25
 2.1  1.35 4.95 1.95 1.5  5.1  2.1  1.35 5.25 1.95 1.5  5.1  2.1  1.35
 4.95 1.95 1.35]
[4.5  1.95 1.35 4.5  2.1  1.35 4.65 1.95 1.35 4.65 1.95 1.35 4.8  1.95
 1.5  4.5  1.95 1.35 4.65 1.95 1.35 4.5  1.95 1.35 4.5  1.95 1.35 4.5
 1.95 1.35 4.65 2.1  1.35 4.65 2.1  1.35 4.5  2.1  1.35 4.65 2.1  1.35
 4.5  1.95 1.35]
[4.95 2.1  1.35 4.95 2.1  1.5  4.95 2.25 1.5  4.95 2.1  1.35 4.95 2.1
 1.35 5.1  2.1  1.35 5.1  2.1  1.35 5.1  2.1  1.2  5.1  2.1  1.35 5.1
 2.1  1.2  5.1  2.25 1.35 4.95 2.25 1.35 4.95 2.25 1.35 4.95 2.25 1.2
 5.1  1.95 1.35]
[3.45 2.7  1.35 3.3  2.7  1.35 3.45 2.7  1.35 3.3  2.85 1.35 3.45 2.85
 1.35 3.45 2.7  1.35 3.3  2.85 1.35 3.3  2.85 1.35 3.3  2.85 1.2  3.45
 2.85 1.35 3.45 2.85 1.35 3.45 2.7  1.2  3.3  2.85 1.35 3.45 2.7  1.35
 3.3  2.85 1.35]
[3.45 2.85 1.35 3.45 2.7  1.35 3.45 2.85 1.35 3.3  2.85 1.35 3.3  2.85
 1.35 3.3  2.4  1.35 3.3  2.4  1.35 3.15 2.4  1.35 3.3  2.55 1.5  3.3
 2.55 1.35 3.3  2.7  1.35 3.45 2.7  1.35 3.45 2.55 1.35 3.45 2.55 1.35
 3.45 2.7  1.35]
[3.45 2.55 1.35 3.45 2.55 1.35 3.45 2.55 1.35 3.45 2.55 1.35 3.45 2.55
 1.35 3.6  2.55 1.35 3.45 2.7  1.35 3.45 2.7  1.35 3.45 2.55 1.2  3.6
 2.7  1.35 3.3  2.55 1.35 3.45 2.7  1.35 3.45 2.55 1.35 3.45 2.4  1.35
 3.45 2.7  1.35]



                                                          NEW Y:
[3.75 1.8  0.9  3.45 1.95 0.9  3.45 1.95 1.05 3.9  1.95 0.9  3.45 1.95
 0.9  2.85 1.8  0.9  1.95 1.8  0.9  2.1  1.8  0.9  2.1  1.8  0.9  3.
 1.65 0.9  3.75 1.8  1.05 3.75 1.8  1.2  3.9  1.8  1.2  3.75 1.8  1.2
 3.75 1.8  1.2  3.75 1.8  1.2  3.75 1.8  1.2  3.75 1.8  1.2  3.75 1.8
 1.2  3.75 1.8  1.2 ]
[2.55 2.55 1.65 2.55 2.7  1.65 2.4  2.55 1.65 2.4  2.7  1.65 2.4  2.7
 1.5  2.25 2.7  1.65 2.25 2.7  1.5  1.65 2.7  1.65 2.55 2.7  1.65 2.55
 2.7  1.65 3.3  2.7  1.65 3.   2.7  1.65 3.   2.85 1.65 2.7  2.85 1.65
 3.6  2.85 1.65 3.75 2.7  1.5  3.75 2.85 1.65 3.3  2.7  1.5  2.25 2.85
 1.65 2.25 2.7  1.65]
[2.55 2.55 1.65 2.7  2.55 1.8  2.4  2.4  1.65 2.4  2.55 1.65 2.4  2.55
 1.65 2.4  2.55 1.65 2.25 2.25 1.65 2.25 2.4  1.65 2.4  2.4  1.65 2.7
 2.4  1.8  2.7  2.4  1.65 2.7  2.4  1.65 2.55 2.25 1.65 2.25 2.25 1.8
 2.25 2.25 1.65 2.1  2.1  1.8  2.4  2.25 1.65 2.4  2.25 1.65 3.15 2.25
 1.8  3.15 2.4  1.8 ]
[2.55 2.55 0.9  2.85 2.4  1.05 2.7  2.25 1.05 2.85 2.4  1.05 2.4  2.4
 1.05 2.25 2.4  1.05 2.25 2.4  1.05 2.1  2.4  1.05 2.25 1.95 1.05 2.25
 1.65 1.05 2.4  1.65 1.05 2.4  1.65 1.05 4.35 1.8  0.9  4.35 1.8  0.9
 4.5  1.8  0.9  4.5  1.8  1.05 4.5  1.8  0.9  4.5  1.8  0.9  4.65 2.1
 1.35 4.5  2.25 1.5 ]
[2.25 2.25 1.5  2.55 2.25 1.65 3.15 2.25 1.35 3.75 2.1  1.5  3.9  2.1
 1.65 3.75 2.25 1.5  3.9  2.25 1.5  3.9  2.1  1.5  3.75 2.1  1.5  3.9
 2.25 1.5  3.75 2.25 1.5  3.6  2.25 1.5  3.75 2.25 1.5  3.9  2.1  1.5
 3.75 2.25 1.5  3.9  2.1  1.5  3.9  2.25 1.35 3.75 2.25 1.5  3.75 2.1
 1.35 3.75 2.1  0.9 ]
[3.   2.25 0.6  3.75 2.25 0.75 3.6  2.25 0.6  3.6  2.1  0.45 2.7  2.25
 0.6  2.55 2.25 0.75 3.   2.25 0.6  3.15 2.25 0.6  1.8  2.4  0.45 1.65
 2.25 0.6  3.3  2.25 0.9  1.8  2.4  1.2  2.85 2.25 1.65 2.85 2.25 1.35
 2.85 2.25 1.5  2.85 2.25 1.35 2.85 2.25 1.35 3.   2.25 1.5  2.7  2.25
 1.5  2.85 2.25 1.5 ]



                                                          NEW Y:
[2.55 4.2  1.35 3.75 4.2  1.5  4.05 4.2  0.9  1.95 4.2  1.2  2.25 4.2
 1.8  2.55 4.05 1.8  2.55 3.9  1.65 2.7  3.9  1.5  1.8  4.05 1.65 2.4
 4.2  1.5  2.25 4.2  1.65 2.4  3.9  1.8  2.1  4.05 1.5  2.55 4.05 1.65
 1.8  3.9  1.5  1.95 3.6  1.5  1.8  3.9  1.65 1.8  4.2  1.35 1.95 3.6
 1.65 2.1  3.45 1.65 1.8  3.6  1.5  1.65 3.45 1.5  1.65 3.75 1.65 1.8
 3.6  1.5  1.8  3.45 1.65]
[2.1  3.6  1.65 2.1  3.6  1.5  1.95 3.6  1.65 2.1  3.6  1.65 2.1  3.6
 1.65 2.1  3.6  1.65 2.25 3.6  1.65 2.1  3.6  1.65 2.1  3.6  1.5  2.1
 3.6  1.65 2.25 3.6  1.65 2.1  3.6  1.5  2.1  3.6  1.65 2.1  3.6  1.65
 2.1  3.6  1.65 2.25 3.6  1.65 2.25 3.6  1.65 2.25 3.6  1.65 2.4  3.75
 1.65 2.25 3.6  1.65 2.25 3.6  1.65 2.25 3.6  1.65 2.25 3.6  1.5  2.25
 3.6  1.5  2.25 3.6  1.65]
[2.1  3.75 1.65 2.25 3.75 1.5  2.25 3.75 1.5  2.25 3.6  1.65 2.25 3.6
 1.5  2.1  3.6  1.65 2.25 3.6  1.65 2.1  3.6  1.65 2.25 3.6  1.5  2.25
 3.6  1.5  2.25 3.6  1.5  2.1  3.75 1.5  2.25 3.6  1.5  2.25 3.6  1.5
 2.25 3.6  1.5  2.1  3.6  1.5  2.25 3.75 1.65 2.25 3.6  1.65 2.25 3.6
 1.5  2.25 3.75 1.5  2.25 3.75 1.65 2.25 3.6  1.65 2.25 3.6  1.65 2.25
 3.6  1.65 2.1  3.6  1.5 ]
[2.25 3.6  1.8  2.25 3.45 1.8  2.4  3.45 1.8  2.4  3.6  1.65 2.25 3.75
 1.65 2.25 3.6  1.8  2.25 3.6  1.8  2.25 3.6  1.8  2.4  3.6  1.8  2.25
 3.6  1.5  2.25 3.6  1.65 2.25 3.45 1.8  2.25 3.75 1.5  2.4  3.45 1.8
 2.4  3.75 1.65 2.55 3.6  1.5  2.4  3.6  1.35 2.25 3.6  1.2  2.55 3.45
 1.5  2.55 3.3  1.65 2.4  3.45 1.35 2.4  3.45 1.65 2.4  3.75 1.65 2.4
 3.45 1.5  2.4  3.75 1.65]
[1.95 4.05 1.2  1.65 3.9  1.2  1.05 3.6  1.2  1.65 3.6  1.2  1.8  3.6
 1.2  1.95 3.45 1.35 1.95 3.75 1.2  1.8  3.75 1.2  1.8  3.6  1.35 2.25
 3.3  1.2  2.25 3.45 1.2  2.1  3.3  1.2  1.95 3.6  1.2  1.8  3.45 1.2
 1.95 3.45 1.35 1.95 3.45 1.05 1.8  3.45 1.05 1.95 3.45 1.35 2.4  3.6
 1.2  1.95 3.6  1.2  1.05 3.6  1.35 1.5  3.6  1.35 2.25 3.6  1.2  2.4
 3.6  1.35 1.95 3.45 1.35]
[2.85 3.75 1.2  2.85 3.9  1.2  2.7  3.45 1.2  2.7  3.3  1.2  2.85 3.45
 1.2  2.7  3.45 0.9  2.7  3.45 1.05 2.7  3.6  1.35 2.7  3.45 1.35 2.4
 3.45 1.35 2.25 3.45 1.2  2.25 3.3  1.5  2.7  3.45 1.5  2.7  3.3  1.35
 2.7  3.45 1.5  2.7  3.45 1.8  3.   3.45 1.95 2.85 3.45 1.5  2.55 3.45
 1.5  2.25 3.45 2.1  2.1  3.45 1.95 1.95 3.3  1.5  2.1  3.45 1.5  2.25
 3.3  1.65 2.25 3.45 1.65]



                                                          NEW Y:
[3.   3.   1.05 2.4  3.15 1.05 2.55 3.3  1.2  2.7  3.3  1.05 2.55 3.
 1.05 2.25 2.1  1.05 2.25 3.3  1.2  1.8  3.15 1.05 1.5  3.15 1.05 1.65
 3.   1.05 2.1  2.85 1.05 2.1  2.85 1.05 1.65 3.   1.05 1.95 2.85 1.05
 2.1  2.85 1.05 3.15 2.85 1.2  4.2  2.55 1.2  4.65 2.4  1.05 4.8  3.
 1.05 2.55 3.15 1.05 3.3  3.   1.05 3.45 3.15 1.2  3.15 3.3  1.2  4.35
 3.45 1.2  7.2  3.45 1.2  4.8  3.6  1.2  4.35 3.15 1.2  5.25 2.7  1.35
 4.5  2.7  1.2  4.35 2.85 1.2 ]
[5.25 2.25 1.05 4.95 2.25 1.05 3.75 2.25 1.05 4.35 2.25 1.05 4.5  1.95
 1.2  4.05 2.1  1.2  4.2  2.4  1.05 4.65 2.4  1.05 4.5  2.4  1.05 4.2
 2.7  1.05 3.6  2.55 1.2  3.9  2.85 1.35 4.8  2.85 1.2  6.9  3.   1.2
 9.6  3.   1.2  2.55 3.   1.2  2.4  3.15 1.2  3.   3.15 1.35 3.   3.15
 1.35 3.15 3.   1.05 3.15 2.85 1.05 3.3  2.85 1.05 3.15 3.   1.05 3.
 2.85 1.05 3.15 2.85 0.9  3.15 3.   0.9  3.   2.7  1.05 3.3  3.15 0.9
 3.75 3.15 1.05 4.05 2.4  1.05]
[4.35 1.5  1.2  3.   3.6  1.2  2.85 0.15 1.2  2.25 0.   1.2  2.25 1.95
 1.35 2.4  1.8  1.2  2.25 2.25 1.2  2.7  2.25 1.2  2.55 1.95 1.05 2.4
 2.1  1.05 2.4  2.4  1.2  2.4  2.4  1.2  2.55 2.25 1.2  2.55 2.85 1.05
 2.55 3.3  1.05 2.4  3.   1.2  2.25 3.45 1.2  2.4  3.   1.2  2.4  2.1
 1.2  2.4  1.2  1.05 2.4  1.35 1.2  2.4  1.2  1.2  2.4  1.8  1.2  2.4
 2.7  1.35 2.25 2.1  1.2  2.4  2.1  1.05 2.55 1.65 1.05 2.1  1.95 1.2
 1.05 2.55 1.2  1.65 2.7  1.2 ]
[3.3  3.3  1.2  3.45 3.3  1.2  3.3  3.   1.2  3.15 3.15 1.2  2.7  3.
 1.05 2.25 3.15 1.2  2.7  3.15 1.2  4.05 3.15 1.2  4.05 3.   1.2  4.35
 3.15 1.2  4.05 3.15 1.2  4.05 3.15 1.35 4.2  3.   1.2  4.2  3.   1.2
 4.35 3.   1.2  2.85 3.   1.2  2.85 3.   1.2  2.85 3.15 1.35 2.85 3.15
 1.2  2.85 3.3  1.2  3.15 3.45 1.05 3.   3.75 1.05 2.55 3.45 1.05 2.55
 3.45 1.2  2.1  3.75 1.2  2.4  3.45 1.2  4.05 3.45 1.2  4.2  3.15 1.2
 4.5  3.45 1.2  3.3  3.6  1.2 ]
[2.1  3.15 0.9  2.55 3.15 0.9  1.65 3.3  1.05 2.1  3.15 1.05 1.5  3.3
 1.05 1.5  3.45 1.05 1.8  3.3  0.9  2.1  2.7  0.9  2.1  2.55 1.05 1.5
 2.55 1.05 1.5  2.7  1.05 1.8  3.   1.05 1.35 2.85 1.05 1.05 2.85 1.05
 0.9  3.   0.9  2.7  3.3  1.05 2.55 3.75 1.2  1.35 3.45 1.05 2.1  4.05
 1.05 1.8  4.2  1.05 1.35 3.9  1.05 1.5  1.2  1.05 2.85 9.   1.05 3.3
 2.1  0.9  2.7  0.   1.05 1.8  0.9  1.05 1.5  0.75 1.05 1.5  0.9  1.05
 1.65 1.95 1.05 1.95 1.35 0.9 ]
[3.6  2.55 0.9  5.4  3.15 0.9  5.1  3.3  0.9  5.25 2.7  0.9  4.95 3.15
 0.9  4.8  3.   0.9  4.65 3.3  0.9  4.65 2.85 0.75 4.2  3.   0.9  4.2
 2.85 0.9  4.05 2.4  0.9  5.1  2.4  0.9  5.4  2.25 0.9  5.4  2.25 0.9
 5.25 2.4  0.9  5.1  2.85 1.05 4.95 2.85 1.05 5.1  3.   0.9  5.1  3.
 0.9  5.1  2.85 0.9  5.1  2.7  0.9  4.95 2.55 0.9  4.95 2.55 0.9  4.65
 2.55 0.9  4.65 2.55 0.9  4.5  2.4  0.9  4.65 3.45 0.9  4.8  3.3  1.05
 4.65 3.   0.9  4.8  2.55 0.9 ]



                                                          NEW Y:
[2.25 5.1  1.05 2.25 3.45 1.05 2.25 1.8  1.05 2.25 1.35 1.05 2.25 2.55
 1.05 2.25 2.7  1.05 3.9  2.55 1.05 4.65 2.7  1.05 3.45 2.4  1.05 3.45
 2.4  1.2  3.45 2.55 1.05 3.6  2.25 0.9  3.9  2.4  1.05 3.6  2.25 1.05
 4.5  2.4  1.05 4.05 2.25 0.9  4.05 1.95 1.05 4.2  1.95 0.9  4.8  2.4
 1.05 5.25 2.7  0.9  5.85 2.7  1.05 6.   2.25 1.05 5.25 2.55 1.05 5.85
 2.85 1.05 5.85 2.7  1.05 6.   2.4  1.05 5.7  2.1  1.2  6.   1.95 1.05
 5.7  1.95 1.05 5.55 1.65 1.05 5.7  1.95 1.05 5.4  2.4  1.05 6.15 2.55
 1.2  5.55 3.   1.05 4.8  3.   1.05]
[4.65 1.2  1.2  4.65 1.2  1.2  4.65 0.3  1.05 4.8  0.15 1.05 4.8  0.9
 1.2  4.8  2.55 1.2  4.95 1.65 1.2  4.65 0.   1.35 4.65 0.   1.05 4.95
 0.6  1.05 5.55 0.75 1.05 4.95 2.1  1.05 4.8  1.05 1.2  5.4  4.65 1.2
 5.55 5.1  1.2  5.4  4.8  1.2  4.95 3.9  1.2  4.65 3.   1.05 4.35 2.85
 1.05 4.65 3.15 0.9  4.65 3.15 1.05 4.65 3.45 1.05 4.65 3.45 1.2  4.65
 3.6  1.2  4.65 3.45 1.2  4.65 3.3  1.35 4.65 3.3  1.35 4.65 3.   1.35
 4.65 2.85 1.35 4.65 2.55 1.5  4.5  2.55 1.35 4.35 3.   1.35 4.95 3.15
 1.5  5.85 2.85 1.35 5.7  3.3  1.35]
[6.15 6.6  1.35 5.25 6.75 1.35 4.8  6.75 1.35 4.5  6.75 1.35 4.65 6.9
 1.35 4.8  6.9  1.35 5.1  6.75 1.35 5.25 6.75 1.35 5.1  6.75 1.35 5.1
 6.75 1.65 5.25 6.6  1.35 5.25 6.6  1.35 5.4  6.75 1.35 5.4  6.75 1.35
 5.4  6.75 1.35 5.4  6.75 1.35 5.4  6.75 1.35 5.55 6.75 1.35 5.4  6.75
 1.2  5.7  6.6  1.35 5.55 6.75 1.5  5.7  6.6  1.5  5.55 6.9  1.5  5.85
 6.9  1.2  5.7  6.75 1.35 5.7  6.6  1.5  5.55 6.9  1.5  5.7  6.75 1.5
 5.4  6.6  1.35 5.55 6.75 1.5  5.55 6.75 1.35 5.25 6.75 1.5  5.4  6.75
 1.35 5.7  6.75 1.35 5.7  6.75 1.35]
[ 6.75  6.75  1.05  6.6   5.1   1.05  6.6   9.6   1.05  6.3  10.5   1.05
  6.45 10.5   1.05  6.45  8.25  1.05  6.45  7.5   1.05  6.3   7.5   1.05
  6.3   8.25  1.05  6.45  4.65  1.05  6.6   1.8   1.05  6.3   3.6   1.05
  6.3   5.85  1.05  6.15  6.45  1.05  6.45  5.1   1.05  6.3   6.3   1.05
  6.15  7.05  1.05  6.3   7.2   1.05  6.15  7.05  1.05  6.15  7.8   1.05
  6.15  8.55  1.05  6.15  8.4   1.05  6.3   8.1   1.05  6.45  7.95  1.05
  6.45  7.95  1.05  6.3   7.95  0.9   6.15  7.95  0.9   6.3   7.95  1.05
  6.45  7.95  1.05  7.5   7.8   1.05  7.35  7.8   0.9   6.75  7.95  1.05
  6.45  7.8   1.05  6.45  7.95  1.05  4.05  7.95  1.05]
[7.5  7.5  1.05 7.5  7.5  1.2  7.5  7.65 1.05 7.2  7.65 1.2  7.2  7.65
 1.2  7.35 7.5  1.2  7.35 7.65 1.05 7.35 7.65 1.05 7.2  7.5  1.05 7.2
 7.5  1.05 7.2  7.65 1.2  7.35 7.5  1.2  7.2  7.5  1.2  7.2  7.65 1.2
 7.05 7.65 1.05 7.2  7.65 1.2  7.05 7.65 1.2  7.2  7.8  1.2  7.2  7.8
 1.2  7.2  7.65 1.35 7.35 7.65 1.2  7.35 7.65 1.2  7.35 7.8  1.2  7.5
 7.65 1.2  7.35 7.65 1.2  7.35 7.65 1.2  7.35 7.65 1.2  7.35 7.5  1.2
 7.35 7.65 1.2  7.35 7.65 1.2  7.35 7.8  1.2  7.5  7.5  1.2  7.35 7.65
 1.2  7.2  7.5  1.2  7.2  7.65 1.2 ]
[7.2  9.9  1.35 7.2  9.9  1.35 7.2  9.75 1.2  7.2  9.75 1.05 6.9  9.75
 1.2  7.05 9.75 1.2  7.05 9.75 1.2  7.05 9.75 1.2  6.9  9.9  1.2  7.05
 9.9  1.2  6.9  9.75 1.2  6.9  9.75 1.2  6.9  9.75 1.05 6.9  9.75 1.2
 6.9  9.75 1.2  7.05 9.6  1.2  7.05 9.6  1.2  7.05 9.6  1.2  7.05 9.45
 1.2  6.9  9.6  1.2  6.9  9.6  1.2  6.9  9.6  1.2  7.05 9.6  1.2  7.35
 9.6  1.2  6.9  9.75 1.35 7.05 9.75 1.2  7.05 9.6  1.2  7.05 9.6  1.2
 7.05 9.45 1.2  6.9  9.15 1.2  7.05 9.15 1.2  7.05 9.15 0.9  7.05 9.45
 1.05 6.9  9.6  1.05 6.9  9.9  1.05]



                                                          NEW Y:
[2.7  4.05 1.35 2.7  4.05 1.5  2.7  4.05 1.5  2.85 4.05 1.5  2.7  4.05
 1.5  2.7  4.05 1.5  2.7  4.05 1.5  2.7  4.05 1.5  2.7  4.05 1.5  2.7
 4.2  1.5  2.7  4.35 1.5  2.55 4.35 1.5  2.55 4.35 1.5  2.55 4.35 1.5
 2.55 4.35 1.5  2.7  4.2  1.5  2.55 4.2  1.5  2.55 4.2  1.35 2.55 4.2
 1.5  2.55 4.2  1.35 2.4  4.2  1.5  2.4  4.2  1.5  2.55 4.2  1.5  2.55
 4.2  1.5  2.55 4.2  1.5  2.55 4.2  1.5  2.55 4.2  1.5  2.55 4.2  1.5
 2.55 4.2  1.5  2.55 4.2  1.5  2.55 4.2  1.5  2.55 4.35 1.5  2.55 4.2
 1.5  2.55 4.05 1.5  2.55 4.2  1.5 ]
[2.55 5.1  1.5  2.55 5.1  1.5  2.55 4.95 1.5  2.55 4.95 1.5  2.7  4.95
 1.5  2.55 5.1  1.35 2.7  4.95 1.5  2.7  4.95 1.5  2.55 4.95 1.35 2.7
 4.95 1.35 2.55 4.95 1.5  2.55 5.1  1.35 2.55 4.95 1.5  2.55 5.1  1.5
 2.55 5.1  1.5  2.55 4.95 1.35 2.55 4.95 1.35 2.55 4.95 1.5  2.55 4.95
 1.5  2.55 4.95 1.5  2.55 4.95 1.35 2.55 4.95 1.35 2.4  4.95 1.35 2.55
 4.95 1.5  2.55 4.95 1.5  2.7  4.95 1.5  3.   4.95 1.5  3.15 4.95 1.35
 3.   5.1  1.5  3.15 4.95 1.5  3.   4.95 1.35 3.15 4.95 1.35 3.45 4.95
 1.35 3.6  4.95 1.5  3.6  4.95 1.5 ]
[3.   4.95 1.5  3.15 4.95 1.35 3.15 4.95 1.5  3.15 4.65 1.5  3.15 4.2
 1.35 3.   4.2  1.5  3.   4.35 1.35 3.   4.35 1.5  3.   4.35 1.35 3.
 4.35 1.5  2.85 4.2  1.5  2.85 4.2  1.5  2.85 4.2  1.35 3.   4.05 1.35
 2.85 4.35 1.5  3.   4.35 1.35 3.   4.35 1.5  2.85 4.2  1.35 3.   4.35
 1.35 3.   4.35 1.35 3.   4.5  1.35 2.85 4.2  1.5  2.85 4.2  1.5  3.
 4.2  1.35 3.   4.2  1.35 2.85 4.2  1.35 2.85 4.2  1.35 2.85 4.2  1.35
 2.85 4.35 1.5  2.85 4.35 1.5  3.   4.35 1.35 2.85 4.35 1.35 2.85 4.2
 1.35 2.85 4.2  1.35 2.85 4.2  1.35]
[2.55 4.35 1.35 2.55 4.35 1.5  2.55 4.35 1.5  2.55 4.2  1.5  2.55 4.2
 1.35 2.7  4.35 1.5  2.55 4.35 1.35 2.55 4.35 1.5  2.55 4.35 1.5  2.55
 4.35 1.35 2.55 4.35 1.5  2.55 4.35 1.5  2.7  4.35 1.5  2.7  4.2  1.5
 2.7  4.2  1.5  2.55 4.35 1.35 2.55 4.35 1.35 2.55 4.2  1.5  2.55 4.35
 1.5  2.55 4.2  1.5  2.55 4.35 1.5  2.55 4.35 1.5  2.7  4.35 1.5  2.55
 4.35 1.5  2.7  4.35 1.5  2.7  4.35 1.5  2.7  4.35 1.5  2.7  4.2  1.5
 2.7  4.35 1.35 2.7  4.35 1.5  2.7  4.2  1.5  2.85 4.2  1.5  2.85 4.2
 1.5  2.85 4.35 1.5  2.85 4.35 1.35]
[2.7  4.05 1.35 2.7  4.05 1.35 2.7  4.05 1.2  2.7  4.05 1.2  2.85 3.9
 1.2  2.85 4.05 1.2  2.7  3.9  1.35 2.7  4.05 1.2  2.7  4.05 1.2  2.85
 3.9  1.2  2.85 3.9  1.2  2.55 3.9  1.2  2.7  3.75 1.2  2.7  3.6  1.2
 2.85 3.6  1.2  2.85 3.75 1.2  2.85 3.45 1.35 2.7  3.45 1.35 3.   3.6
 1.35 2.55 3.15 1.2  2.55 3.3  1.35 2.55 3.15 1.35 2.7  3.45 1.35 2.55
 3.6  1.35 2.7  3.6  1.2  2.25 3.6  1.35 2.55 3.6  1.35 2.55 3.6  1.35
 2.55 3.6  1.2  2.4  3.45 1.35 2.55 3.15 1.35 2.7  3.15 1.2  2.55 6.75
 1.2  2.55 8.7  1.2  2.4  8.25 1.35]
[4.95 6.15 1.35 5.1  6.15 1.35 5.1  6.   1.35 5.1  6.   1.35 5.1  6.15
 1.35 5.1  6.15 1.35 5.25 6.3  1.35 5.25 6.3  1.35 5.25 6.15 1.35 5.1
 6.   1.35 4.95 6.15 1.35 4.8  6.   1.35 4.95 6.15 1.35 5.1  6.   1.35
 5.1  6.   1.35 5.1  6.15 1.35 5.1  6.15 1.35 5.25 6.15 1.35 5.25 6.15
 1.2  5.25 6.15 1.35 5.25 6.   1.2  5.4  6.   1.2  5.1  6.   1.35 5.1
 6.15 1.35 5.25 6.   1.2  5.25 6.15 1.35 5.25 6.   1.35 5.4  6.   1.2
 5.25 6.   1.35 5.25 6.   1.35 5.4  6.15 1.35 5.4  6.15 1.2  5.4  6.15
 1.35 5.4  6.15 1.2  5.1  6.15 1.2 ]



                                                          NEW Y:
[4.95 3.75 1.2  4.95 3.75 1.2  4.95 3.75 1.2  4.8  3.75 1.2  4.95 3.75
 1.2  4.95 3.6  1.2  4.95 3.75 1.2  4.95 3.9  1.35 4.95 3.75 1.2  4.95
 3.75 1.2  4.95 3.75 1.35 4.8  3.75 1.2  4.8  3.75 1.2  4.95 3.75 1.2
 5.1  3.75 1.35 5.1  3.75 1.35 5.1  3.75 1.2  4.95 3.75 1.2  5.1  3.75
 1.2  4.95 3.75 1.2  4.95 3.75 1.2  4.95 3.75 1.2  5.1  3.75 1.35 4.65
 3.75 1.2  5.4  3.75 1.2  5.85 3.75 1.2  5.1  3.9  1.35 4.95 3.75 1.35
 5.7  3.75 1.35 5.55 3.75 1.2  1.65 3.75 1.2  7.65 3.9  1.2  4.2  3.9
 1.35 5.55 3.75 1.2  3.9  3.9  1.2  2.7  3.75 1.2  2.55 3.9  1.2  4.05
 3.75 1.2  3.6  3.75 1.2  3.9  3.75 1.35]
[6.45 3.6  1.35 5.4  3.45 1.35 6.   3.45 1.35 6.3  3.45 1.35 6.3  3.45
 1.35 6.6  3.6  1.35 6.9  3.6  1.35 5.85 3.6  1.35 5.85 3.75 1.2  5.85
 3.75 1.2  5.4  3.75 1.35 5.7  3.75 1.35 5.85 3.75 1.35 6.3  3.6  1.35
 4.95 3.6  1.35 4.65 3.6  1.35 5.25 3.6  1.35 4.65 3.6  1.35 4.65 3.6
 1.35 4.65 3.6  1.35 4.65 3.6  1.2  4.65 3.6  1.35 3.9  3.6  1.35 3.9
 3.45 1.2  4.5  3.3  1.5  4.05 3.6  1.35 3.6  3.6  1.2  3.75 3.75 1.2
 3.   3.75 1.2  3.75 3.75 1.2  3.45 3.75 1.2  5.1  3.9  1.2  4.65 3.9
 1.35 4.05 3.9  1.2  3.3  3.75 1.2  4.35 3.6  1.2  4.5  3.45 1.2  4.05
 3.9  1.2  2.25 3.9  1.2  1.65 4.05 1.35]
[4.05 4.05 1.35 2.55 4.05 1.35 3.15 3.9  1.35 3.3  4.05 1.35 2.4  4.05
 1.35 3.15 4.05 1.35 2.4  4.2  1.35 2.4  4.05 1.35 2.55 3.9  1.2  3.3
 4.2  1.35 2.55 4.05 1.2  2.1  4.05 1.35 2.25 4.05 1.35 2.1  4.05 1.35
 2.4  4.05 1.35 2.7  4.05 1.35 1.2  4.05 1.35 1.5  4.05 1.35 1.8  4.05
 1.35 2.1  3.9  1.35 2.25 4.05 1.35 4.35 4.05 1.35 4.5  3.9  1.35 3.45
 4.05 1.35 3.6  4.2  1.35 4.35 4.2  1.35 3.9  4.2  1.35 4.35 4.2  1.35
 4.5  4.05 1.35 4.35 4.05 1.35 4.65 4.2  1.2  4.35 4.2  1.35 4.35 4.05
 1.35 4.2  4.05 1.35 3.9  4.2  1.35 4.05 4.05 1.35 4.05 4.2  1.2  3.9
 4.05 1.35 4.05 4.05 1.35 3.9  4.05 1.2 ]
[4.95 3.9  1.35 4.35 3.9  1.2  2.55 4.05 1.2  2.25 4.05 1.2  1.95 4.05
 1.2  2.25 4.05 1.2  2.85 4.05 1.35 2.7  4.05 1.35 3.15 4.05 1.35 3.
 4.05 1.35 3.   3.9  1.2  2.85 4.05 1.2  3.   4.05 1.2  3.6  3.9  1.2
 2.85 4.05 1.35 3.   4.05 1.35 2.85 4.2  1.35 3.6  4.2  1.35 3.75 4.05
 1.35 3.75 4.05 1.35 3.6  3.9  1.35 3.45 3.9  1.35 3.6  3.9  1.5  3.6
 3.9  1.35 4.05 3.9  1.35 4.05 4.05 1.35 3.75 3.9  1.35 3.9  4.05 1.2
 3.75 4.05 1.35 3.9  4.05 1.35 3.9  4.05 1.35 3.6  4.05 1.35 3.6  4.05
 1.35 3.9  4.05 1.35 3.3  4.05 1.35 2.4  4.05 1.2  3.3  4.2  1.35 3.3
 4.05 1.5  3.   4.05 1.35 3.15 4.05 1.35]
[3.3  3.3  1.35 3.15 3.15 1.35 3.3  3.3  1.35 3.3  3.3  1.35 3.45 3.3
 1.35 3.45 3.3  1.35 3.45 3.3  1.35 3.6  3.15 1.35 3.6  3.15 1.35 3.45
 3.3  1.35 3.45 3.15 1.35 3.3  3.3  1.35 3.45 3.3  1.35 3.6  3.3  1.35
 3.75 3.3  1.35 3.75 3.15 1.35 3.9  3.3  1.35 4.2  3.3  1.35 4.2  3.15
 1.35 4.2  3.3  1.35 4.2  3.15 1.35 4.2  3.3  1.35 4.2  3.3  1.35 4.35
 3.3  1.35 4.2  3.15 1.35 4.2  3.3  1.35 4.2  3.15 1.35 4.2  3.3  1.35
 4.2  3.15 1.35 4.2  3.15 1.35 4.2  3.3  1.35 4.2  3.15 1.35 4.2  3.15
 1.5  4.2  3.3  1.5  4.2  3.3  1.35 4.2  3.3  1.35 4.2  3.3  1.35 4.2
 3.3  1.35 4.2  3.3  1.35 4.2  3.3  1.35]
[4.5  3.15 1.35 4.35 3.15 1.35 4.5  3.15 1.35 4.35 3.3  1.35 4.5  3.15
 1.35 4.5  3.15 1.35 4.5  3.3  1.35 4.5  3.45 1.35 4.5  3.45 1.35 4.5
 3.45 1.2  4.65 3.6  1.2  4.5  3.6  1.2  4.5  3.6  1.35 4.65 3.45 1.35
 4.8  3.3  1.35 4.65 3.45 1.2  4.65 3.45 1.35 4.65 3.45 1.2  4.8  3.45
 1.35 4.65 3.45 1.35 4.65 3.45 1.35 4.8  3.45 1.35 4.65 3.45 1.35 4.8
 3.6  1.2  4.8  3.6  1.35 4.8  3.6  1.35 4.65 3.6  1.35 4.65 3.3  1.35
 4.8  3.15 1.35 4.65 3.15 1.35 4.8  3.15 1.2  4.95 3.15 1.2  4.95 3.3
 1.35 4.8  3.3  1.35 4.8  3.15 1.35 4.95 3.15 1.35 4.95 3.3  1.2  4.8
 3.3  1.35 4.95 3.3  1.2  4.95 3.15 1.35]



                                                          NEW Y:
[1.35 2.4  1.2  1.2  2.25 1.35 1.8  2.4  1.35 1.8  2.4  1.2  0.15 2.4
 1.2  0.9  2.55 1.2  5.1  2.4  1.2  1.95 2.55 1.2  2.1  2.4  1.35 4.65
 2.4  1.2  5.25 2.4  1.2  0.   2.4  1.2  3.   2.4  1.2  1.5  2.4  1.2
 2.55 2.4  1.2  1.8  2.4  1.2  0.9  2.4  1.35 1.5  2.55 1.2  1.5  2.55
 1.2  1.5  2.25 1.2  1.35 2.25 1.2  1.2  2.4  1.2  1.05 2.25 1.2  1.2
 2.25 1.2  1.5  2.25 1.35 1.8  2.4  1.2  1.65 2.25 1.2  1.65 2.4  1.2
 1.5  2.4  1.2  1.2  2.4  1.2  1.2  2.4  1.2  1.35 2.4  1.2  1.5  2.25
 1.2  1.5  2.4  1.2  1.35 2.25 1.2  1.65 2.25 1.35 1.35 2.25 1.2  1.65
 2.4  1.2  1.5  2.4  1.2  1.5  2.25 1.35 1.5  2.4  1.2  1.5  2.4  1.2
 0.9  2.4  1.35 1.2  2.4  1.2  1.5  2.4  1.2 ]
[1.65 2.55 1.2  1.65 3.15 1.2  1.8  3.15 1.2  2.25 3.15 1.2  1.95 3.15
 1.2  1.95 3.15 1.2  1.8  3.3  1.2  1.95 3.15 1.2  1.95 3.3  1.2  2.1
 3.15 1.2  2.4  3.3  1.2  2.4  3.3  1.2  2.25 3.3  1.2  2.25 3.15 1.2
 2.1  3.15 1.2  2.25 3.15 1.2  2.25 3.3  1.2  2.1  3.15 1.2  2.25 3.3
 1.35 2.4  3.3  1.2  2.1  3.15 1.2  2.25 3.3  1.2  2.25 3.3  1.2  2.4
 3.3  1.2  2.55 3.3  1.2  2.25 3.15 1.2  1.5  3.15 1.2  1.65 3.3  1.35
 1.8  3.3  1.35 1.95 3.15 1.2  1.65 3.15 1.2  1.2  3.15 1.2  1.65 3.3
 1.2  1.65 3.3  1.2  1.8  3.3  1.2  1.8  3.3  1.2  1.2  3.3  1.2  1.5
 3.3  1.35 1.35 3.3  1.2  1.2  3.3  1.2  1.35 3.15 1.2  1.2  3.3  1.2
 1.05 3.15 1.2  0.6  3.15 1.2  0.15 3.15 1.2 ]
[5.25 3.15 1.2  5.25 3.3  1.2  5.1  3.15 1.2  5.1  3.15 1.2  5.4  3.3
 1.2  5.4  3.3  1.2  5.55 3.15 1.2  5.4  3.15 1.2  5.4  3.15 1.2  5.4
 3.15 1.2  5.1  3.3  1.2  5.25 3.3  1.2  5.25 3.15 1.2  5.25 3.15 1.2
 5.25 3.15 1.2  5.25 3.15 1.35 5.4  3.15 1.35 5.7  3.15 1.2  5.55 3.15
 1.2  5.7  3.3  1.2  6.   3.15 1.2  5.55 3.3  1.2  4.8  3.15 1.2  4.8
 3.15 1.2  5.1  3.3  1.2  5.1  3.3  1.2  4.8  3.15 1.2  4.05 3.15 1.2
 4.2  3.3  1.2  4.35 3.3  1.2  4.5  3.15 1.2  4.5  3.15 1.2  4.5  3.3
 1.2  4.35 3.3  1.2  4.5  3.15 1.2  4.35 3.3  1.2  3.9  3.3  1.2  3.75
 3.15 1.2  3.75 3.15 1.2  3.6  3.15 1.2  3.45 3.15 1.2  3.9  3.15 1.2
 4.05 3.   1.2  3.9  3.15 1.2  3.6  3.15 1.2 ]
[4.05 3.15 1.2  3.6  3.15 1.2  3.45 3.3  1.2  3.45 3.15 1.2  3.15 3.3
 1.2  2.7  3.15 1.2  2.55 3.15 1.2  2.55 3.15 1.2  2.85 3.15 1.2  2.85
 3.3  1.05 3.   3.15 1.2  3.15 3.3  1.2  3.   3.15 1.2  2.7  3.15 1.2
 2.55 3.15 1.2  2.55 3.15 1.2  2.55 3.15 1.2  2.55 3.15 1.2  2.55 3.3
 1.2  2.4  3.15 1.2  2.7  3.15 1.2  2.7  3.15 1.2  2.7  3.15 1.2  2.7
 3.15 1.2  2.85 3.3  1.35 2.55 3.15 1.35 2.4  3.15 1.2  2.1  3.3  1.2
 1.95 3.15 1.2  2.1  3.15 1.2  2.25 3.15 1.2  2.25 3.3  1.2  2.4  3.3
 1.2  2.55 3.3  1.2  3.   3.3  1.2  2.85 3.3  1.2  2.7  3.15 1.2  2.55
 3.3  1.35 2.85 3.3  1.2  2.55 3.15 1.2  2.4  3.3  1.2  2.55 3.3  1.2
 2.4  3.15 1.2  2.4  3.15 1.2  2.7  3.15 1.2 ]
[3.3  3.3  1.2  3.45 3.3  1.2  3.9  3.3  1.35 3.75 3.3  1.2  3.9  3.3
 1.2  3.9  3.3  1.2  3.9  3.3  1.2  3.9  3.15 1.2  3.9  3.15 1.2  3.9
 3.15 1.2  3.3  3.15 1.2  2.85 3.15 1.2  3.45 3.3  1.2  2.85 3.3  1.2
 1.95 3.3  1.2  2.25 3.15 1.2  2.25 3.3  1.2  1.8  3.15 1.2  1.8  3.3
 1.2  1.65 3.3  1.2  1.8  3.15 1.05 2.25 3.15 1.2  2.55 3.15 1.2  2.25
 3.15 1.2  2.1  3.15 1.2  2.1  3.15 1.2  2.1  3.3  1.2  2.1  3.3  1.2
 2.1  3.3  1.2  2.1  3.3  1.2  2.25 3.3  1.2  2.1  3.3  1.2  1.95 3.15
 1.2  2.1  3.15 1.35 1.95 3.15 1.2  2.1  3.15 1.2  2.25 3.15 1.2  2.25
 3.15 1.2  2.25 3.15 1.35 2.25 3.15 1.2  2.25 3.15 1.2  2.25 3.3  1.2
 2.4  3.3  1.2  2.25 3.3  1.2  2.25 3.3  1.2 ]
[4.35 3.15 1.2  4.5  3.3  1.2  4.5  3.3  1.2  4.35 3.15 1.2  4.5  3.3
 1.2  4.35 3.15 1.2  5.4  3.3  1.2  4.8  3.3  1.2  4.35 3.3  1.2  4.8
 3.15 1.2  4.95 3.3  1.2  4.8  3.3  1.2  4.65 3.3  1.2  4.8  3.3  1.2
 5.4  3.3  1.2  5.4  3.3  1.2  5.25 3.3  1.2  5.4  3.3  1.2  5.4  3.3
 1.2  4.95 3.3  1.35 4.8  3.3  1.2  4.8  3.3  1.2  4.65 3.15 1.2  4.65
 3.15 1.2  4.8  3.15 1.2  4.8  3.15 1.2  4.65 3.15 1.2  4.8  3.15 1.5
 4.65 3.15 1.2  5.1  3.3  1.2  5.4  3.3  1.2  5.25 3.3  1.2  5.25 3.15
 1.2  5.25 3.3  1.2  5.4  3.3  1.2  5.55 3.15 1.2  5.55 3.3  1.2  5.7
 3.15 1.2  5.55 3.3  1.2  5.7  3.3  1.2  5.7  3.3  1.2  5.7  3.15 1.2
 5.85 3.3  1.2  5.7  3.3  1.2  5.55 3.3  1.2 ]



                                                          NEW Y:
[1.95 1.8  1.5  2.1  1.5  1.5  2.1  1.8  1.5  1.95 2.1  1.5  2.1  2.55
 1.5  1.95 2.55 1.5  1.95 3.   1.5  1.95 3.   1.5  1.8  3.   1.5  1.8
 3.15 1.5  1.8  3.   1.5  1.95 2.85 1.5  1.95 2.7  1.5  1.95 2.85 1.65
 1.95 2.85 1.5  2.1  2.85 1.35 2.25 2.85 1.5  2.25 3.   1.5  2.25 2.85
 1.5  2.1  3.   1.35 2.1  3.   1.5  1.95 3.   1.5  1.95 3.   1.35 2.1
 3.   1.5  2.1  3.   1.5  2.1  3.15 1.5  1.95 3.   1.5  2.1  3.15 1.5
 2.1  3.15 1.2  2.25 3.   1.2  2.1  3.15 1.2  2.25 3.15 1.2  2.1  3.15
 1.35 2.1  3.15 1.5  2.25 3.   1.35 2.1  3.   1.35 2.25 3.15 1.2  2.1
 3.   1.2  1.65 3.   1.2  2.1  2.55 1.35 1.35 2.4  1.35 2.1  2.4  1.5
 2.7  2.25 1.35 3.   2.1  1.35 2.7  2.1  1.35]
[1.65 1.95 1.35 1.95 1.95 1.35 1.8  2.1  1.5  1.95 2.1  1.35 1.95 1.95
 1.5  1.95 2.1  1.35 1.8  1.95 1.35 1.5  1.95 1.5  1.2  2.1  1.35 1.05
 2.1  1.35 3.6  1.95 1.35 1.5  2.1  1.35 2.1  2.1  1.35 2.7  2.1  1.5
 2.7  2.1  1.35 2.55 2.1  1.35 2.7  2.1  1.35 3.   2.1  1.35 2.85 2.1
 1.35 2.85 2.1  1.5  2.7  2.1  1.5  2.55 2.1  1.35 2.7  2.1  1.35 2.85
 1.95 1.5  2.85 2.1  1.35 2.85 2.1  1.65 2.85 2.1  1.35 2.85 2.1  1.35
 2.85 2.1  1.35 2.85 2.1  1.35 2.7  2.1  1.35 2.85 2.1  1.35 2.7  2.1
 1.35 2.85 2.1  1.35 2.7  2.1  1.5  2.7  2.1  1.65 2.7  2.1  1.35 2.7
 2.1  1.5  2.7  2.1  1.35 2.7  1.95 1.35 2.85 2.1  1.35 2.7  1.95 1.35
 2.7  2.1  1.35 2.7  2.1  1.35 2.7  1.95 1.35]
[2.55 2.1  1.35 2.55 2.1  1.35 2.55 2.1  1.35 2.4  2.1  1.35 2.55 2.1
 1.35 2.4  2.1  1.35 2.55 2.1  1.35 2.4  2.1  1.35 2.4  2.1  1.2  2.55
 2.1  1.2  2.55 2.1  1.35 2.55 2.1  1.2  2.55 2.1  1.35 2.55 2.1  1.2
 2.55 2.1  1.05 2.55 2.1  0.3  2.55 2.1  0.6  2.55 2.1  0.6  2.55 2.1
 0.6  2.55 2.1  0.6  2.55 1.95 0.6  2.55 1.95 0.6  2.55 2.1  0.6  2.55
 2.1  0.6  2.55 2.1  0.6  2.55 1.95 0.6  2.55 2.1  0.6  2.55 2.1  0.6
 2.7  2.1  0.6  2.7  2.25 0.6  2.55 2.1  0.6  2.7  2.1  0.6  2.55 2.1
 0.6  2.55 2.1  0.6  2.55 2.1  0.6  2.55 2.1  0.6  2.55 2.1  0.6  2.55
 2.1  0.6  2.55 2.25 0.6  2.55 2.25 0.6  2.55 2.25 0.6  2.55 2.25 0.6
 2.55 2.1  0.75 2.55 2.1  0.75 2.55 2.1  0.6 ]
[2.85 1.8  0.9  2.7  2.1  0.9  2.55 1.95 0.9  2.4  1.95 0.9  2.7  1.95
 0.9  2.7  2.1  0.9  2.7  1.95 0.9  2.85 1.95 0.9  2.7  1.95 0.9  2.7
 1.95 0.9  2.7  1.95 0.9  2.55 1.95 0.9  2.7  1.95 0.9  2.7  1.95 1.05
 2.85 1.95 0.9  3.   1.95 0.9  3.   2.1  0.9  2.85 2.1  0.9  2.7  2.1
 1.05 2.7  2.1  1.2  2.7  2.1  1.05 2.85 1.95 1.05 2.85 1.95 0.9  2.7
 1.95 0.9  2.7  1.95 0.9  2.7  2.1  0.9  2.7  2.1  0.9  2.55 2.1  0.9
 2.55 2.1  0.75 2.55 1.95 0.9  2.25 2.1  0.9  2.25 2.1  0.9  2.55 2.1
 0.9  2.55 1.95 1.05 2.55 1.95 0.9  2.55 1.95 0.9  2.7  2.1  0.9  2.85
 1.95 0.9  2.85 2.1  0.9  2.85 2.1  0.9  2.85 2.1  0.9  3.   2.1  0.9
 2.85 1.95 0.9  2.85 1.95 1.05 2.85 2.1  1.05]
[2.55 2.1  1.05 2.55 2.25 1.2  2.55 2.1  1.2  2.55 2.1  1.05 2.55 2.1
 1.05 2.55 2.1  1.05 2.55 2.1  1.05 2.55 2.1  1.05 2.55 2.1  0.9  2.55
 2.1  0.9  2.55 2.1  0.75 2.4  2.1  0.75 2.55 2.1  0.75 2.55 2.1  0.75
 2.7  1.95 0.75 2.55 2.1  0.75 2.55 2.1  0.75 2.55 1.95 0.75 2.55 2.1
 0.75 2.55 2.1  0.9  2.55 2.1  0.9  2.55 2.1  0.9  2.4  2.1  0.9  2.4
 2.1  0.9  2.4  2.1  0.9  2.4  2.1  0.9  2.4  1.95 1.05 2.4  1.95 0.9
 2.4  1.95 0.9  2.4  1.95 0.9  2.55 1.95 0.9  2.55 1.95 0.9  2.55 1.95
 0.9  2.4  1.95 0.9  2.55 1.95 0.9  2.4  2.1  1.05 2.55 2.1  0.9  2.4
 1.95 1.05 2.4  2.1  0.9  2.4  2.1  0.9  2.4  2.1  0.9  2.4  1.95 0.9
 2.4  2.1  0.9  2.55 1.95 1.05 2.55 1.95 1.05]
[3.   2.1  0.9  2.85 2.1  1.05 3.   1.95 1.2  3.15 2.1  1.35 2.85 1.95
 1.2  2.85 2.1  1.2  3.   1.95 1.05 3.3  1.95 1.05 2.85 2.1  1.2  2.85
 2.1  1.2  3.   2.1  1.2  3.   2.1  1.05 2.85 1.95 1.2  2.85 2.1  1.2
 3.   2.1  1.2  3.15 2.1  1.2  3.   1.95 1.2  3.   1.95 1.2  3.   2.1
 1.2  2.85 2.1  1.2  3.   2.1  1.2  3.15 2.1  1.2  3.   1.95 1.2  3.
 2.1  1.05 2.85 2.1  1.2  2.7  2.1  1.2  2.55 2.1  1.2  2.25 2.1  1.2
 2.25 2.1  1.2  2.1  2.1  1.2  2.25 1.95 1.05 2.4  2.1  1.2  2.4  2.1
 1.2  2.4  2.1  1.05 2.4  1.95 1.2  2.4  1.95 1.05 2.4  1.95 1.2  2.25
 1.95 1.05 1.95 2.1  1.2  1.95 1.95 1.2  2.1  2.1  1.2  2.4  2.1  1.05
 2.25 2.1  1.2  2.25 2.1  1.05 2.25 1.95 1.2 ]



                                                          NEW Y:
[5.55 0.3  3.   5.55 0.45 3.   5.55 0.45 3.   5.55 0.45 2.85 5.4  0.45
 3.   5.4  0.6  3.   5.4  0.6  3.   5.4  0.6  3.15 5.4  0.6  3.15 5.25
 1.35 3.15 5.25 0.45 3.15 5.4  1.5  3.   5.25 0.3  3.15 5.25 1.35 3.15
 5.25 0.9  3.15 5.4  2.25 3.15 5.4  1.8  3.15 5.4  2.85 3.15 5.4  2.1
 3.15 5.4  0.45 3.15 5.25 1.65 3.   5.25 2.25 3.   5.25 1.95 3.   5.25
 1.65 3.15 5.25 1.5  3.   5.25 1.2  3.   5.25 1.35 3.15 5.25 1.35 3.
 4.95 2.7  3.   4.65 2.1  3.15 4.95 1.8  3.   5.25 1.65 3.   5.55 1.35
 3.15 5.55 1.35 3.3  5.55 2.1  3.15 5.4  0.6  3.15 5.4  1.35 3.   5.4
 1.65 3.   5.4  1.35 3.15 5.55 0.9  3.15 5.55 0.45 2.85 5.55 1.35 2.55
 5.7  2.4  2.55 5.7  2.85 2.55 5.7  2.1  2.4  5.7  2.25 2.4  5.7  0.75
 2.55 5.55 1.65 2.55 5.55 1.05 2.4  5.7  1.35 2.4 ]
[4.5  4.65 1.5  4.35 3.6  1.5  4.65 9.75 1.5  4.8  8.7  1.5  4.8  6.45
 1.65 4.8  7.05 1.5  4.65 8.1  1.5  4.65 4.65 1.5  4.8  8.1  1.65 4.5
 2.55 1.65 4.2  0.6  1.65 4.65 0.9  1.5  4.8  0.75 1.5  4.95 0.9  1.5
 5.1  0.75 1.5  4.65 0.75 1.5  4.65 0.6  1.5  4.65 0.45 1.5  4.65 0.45
 1.65 5.7  0.6  1.5  4.65 0.6  1.5  4.65 0.45 1.5  5.25 0.45 1.5  4.8
 0.45 1.35 4.65 0.15 1.5  4.95 0.45 1.5  5.1  0.9  1.5  4.95 1.2  1.5
 4.95 0.6  1.5  5.1  0.75 1.5  5.55 0.9  1.5  5.25 0.9  1.5  5.25 1.2
 1.5  5.1  1.05 1.5  5.1  1.05 1.5  5.1  1.05 1.5  4.95 1.2  1.5  5.1
 1.05 1.5  5.4  1.05 1.5  5.25 0.9  1.5  5.4  1.05 1.5  4.95 1.05 1.65
 6.75 1.05 1.5  6.6  1.05 1.5  8.85 1.05 1.5  6.15 0.9  1.5  5.4  1.05
 1.5  5.85 1.05 1.5  5.85 1.2  1.65 6.15 1.05 1.5 ]
[5.25 1.2  1.35 5.25 1.05 1.35 5.4  1.05 1.5  5.25 0.9  1.35 5.1  0.9
 1.35 5.1  0.9  1.2  5.1  0.9  1.35 5.1  0.9  1.35 5.25 1.05 1.35 5.1
 0.9  1.35 5.1  1.05 1.35 4.95 0.9  1.35 5.1  0.9  1.35 5.1  1.05 1.35
 5.1  1.05 1.35 5.1  0.9  1.35 5.1  1.05 1.35 5.25 1.05 1.35 5.25 1.8
 1.35 5.25 1.35 1.35 5.25 1.35 1.35 5.25 1.35 1.35 5.25 0.9  1.35 5.25
 0.9  1.35 5.4  0.75 1.35 5.4  0.9  1.35 5.4  0.9  1.5  5.25 0.9  1.35
 5.1  0.75 1.35 5.25 0.9  1.35 5.1  0.9  1.35 5.25 1.05 1.35 5.1  1.2
 1.35 5.1  1.05 1.35 5.25 1.05 1.35 5.25 1.05 1.35 6.   1.05 1.35 6.45
 0.9  1.35 6.15 1.05 1.35 6.15 1.05 1.35 6.3  1.05 1.5  6.3  1.05 1.35
 6.45 1.05 1.35 6.45 1.05 1.35 6.3  1.05 1.35 6.45 1.05 1.35 6.45 1.05
 1.35 6.15 1.05 1.2  6.15 1.05 1.35 6.   1.2  1.35]
[5.85 0.75 1.5  6.   0.75 1.5  6.   0.75 1.5  5.85 0.75 1.5  5.85 0.75
 1.5  5.85 0.75 1.65 5.85 0.75 1.35 6.   0.75 1.35 6.   0.75 1.5  6.
 0.75 1.5  5.85 0.75 1.5  5.85 0.9  1.5  5.85 1.2  1.5  5.55 1.05 1.65
 5.7  0.9  1.5  5.7  1.05 1.5  5.55 1.05 1.8  5.55 1.05 1.65 5.55 1.05
 1.8  5.55 1.05 1.65 5.55 1.05 1.65 5.55 1.05 1.65 5.55 1.05 1.65 5.55
 1.05 1.8  5.55 1.05 1.8  5.7  1.2  1.8  5.85 1.5  1.8  5.7  1.65 1.65
 5.7  1.65 1.65 5.85 1.5  1.8  5.85 1.5  1.8  5.7  1.35 1.8  5.7  1.35
 1.8  5.85 1.35 1.8  5.7  1.35 1.65 5.85 1.2  1.65 5.85 1.2  1.65 5.7
 1.2  1.8  5.7  1.35 1.8  5.7  1.05 1.8  5.55 1.05 1.8  5.55 1.05 1.8
 5.4  1.2  1.8  5.4  1.2  1.8  5.4  1.05 1.8  5.4  1.35 1.8  5.4  1.2
 1.8  5.4  1.35 1.65 5.4  1.35 1.65 5.55 1.35 1.65]
[4.2  1.5  1.8  4.05 1.5  1.65 3.9  1.5  1.65 4.05 1.5  1.65 3.9  1.35
 1.65 3.9  1.5  1.8  4.05 1.35 1.65 4.05 1.5  1.05 4.05 1.5  0.75 4.2
 1.5  1.2  4.2  1.5  1.05 4.2  1.35 1.05 4.2  1.5  1.35 4.2  1.35 1.35
 4.2  1.5  1.35 4.2  1.35 0.9  4.2  1.35 0.   4.2  1.35 0.   4.05 1.35
 0.   4.05 1.35 0.   4.05 1.35 0.   4.2  1.2  0.   4.2  1.35 0.   4.35
 1.35 0.   4.2  1.35 0.   4.5  1.35 0.   4.35 1.35 0.   4.2  1.5  0.
 4.2  1.35 0.   4.05 1.5  0.   4.35 1.35 0.   4.2  1.2  0.   4.2  1.35
 0.   4.2  1.35 0.   4.05 1.5  0.   4.05 1.5  0.   4.05 1.35 0.   4.2
 1.5  0.   4.2  1.5  0.   4.35 1.35 0.   4.2  1.5  0.   4.2  1.65 0.
 4.35 1.5  0.   4.35 1.35 0.15 4.35 1.35 0.45 4.35 1.35 0.   4.2  1.5
 0.   4.2  1.5  0.   4.2  1.5  0.45 4.35 1.5  0.75]
[3.3  1.5  0.45 3.   1.35 0.45 3.15 1.2  0.45 2.55 1.2  0.3  3.15 1.35
 0.3  3.15 1.35 0.3  2.1  1.35 0.45 1.5  1.35 0.45 1.35 1.35 0.45 2.1
 1.35 0.45 2.85 1.35 0.6  1.95 1.35 0.6  2.55 1.35 0.45 3.3  1.35 0.6
 3.   1.2  0.45 3.15 1.35 0.45 3.45 1.2  0.45 2.4  1.2  0.45 1.8  1.35
 0.3  1.8  1.35 0.6  1.8  1.35 0.6  1.8  1.35 0.6  1.95 1.35 0.45 1.65
 1.35 0.6  2.85 1.35 0.6  3.3  1.35 0.6  2.7  1.35 0.6  2.85 1.35 0.75
 1.5  1.35 0.6  1.65 1.35 0.6  2.1  1.2  0.6  1.8  1.35 0.6  2.25 1.35
 0.6  1.95 1.35 0.6  1.95 1.35 0.6  2.7  1.35 0.45 3.15 1.35 0.6  2.85
 1.35 0.6  1.65 1.35 0.45 1.95 1.35 0.6  2.1  1.2  0.45 2.4  1.2  0.45
 2.85 1.05 0.15 2.1  1.05 0.15 2.55 1.05 0.45 2.1  1.2  0.45 2.7  1.2
 0.6  2.25 1.2  0.45 1.8  1.2  0.6  2.55 1.2  0.6 ]
