


                                                          NEW Y:
Massive_XX = [[1.49023764 6.34541836 0.        ]
 [2.75478504 6.00816288 0.        ]
 [2.79428008 5.96925464 0.        ]
 [2.76756969 6.0235358  0.        ]
 [2.65893462 6.0301532  0.        ]], Massive_XX_2D: [[1.49023764 6.34541836]
 [2.75478504 6.00816288]
 [2.79428008 5.96925464]
 [2.76756969 6.0235358 ]
 [2.65893462 6.0301532 ]]



                                                          NEW Y:
Massive_XX = [[1.49023764 6.34541836 0.        ]
 [1.73622364 3.09589233 0.        ]
 [1.76609897 3.03651926 0.        ]
 [1.84752289 3.0943259  0.        ]
 [1.91021173 3.0060591  0.        ]], Massive_XX_2D: [[1.49023764 6.34541836]
 [1.73622364 3.09589233]
 [1.76609897 3.03651926]
 [1.84752289 3.0943259 ]
 [1.91021173 3.0060591 ]]



                                                          NEW Y:
Massive_XX = [[1.49023764 6.34541836 0.        ]
 [2.77577664 4.62068245 0.        ]
 [3.47869945 4.00801634 0.        ]
 [3.98086108 3.75763491 0.        ]
 [3.68852114 3.90085754 0.        ]], Massive_XX_2D: [[1.49023764 6.34541836]
 [2.77577664 4.62068245]
 [3.47869945 4.00801634]
 [3.98086108 3.75763491]
 [3.68852114 3.90085754]]



                                                          NEW Y:
Massive_XX = [[ 1.49023764  6.34541836  0.        ]
 [ 5.2412194   3.76522251  0.        ]
 [ 6.5157344   4.2286781   0.        ]
 [ 4.37487399  4.54850603  0.        ]
 [ 4.63756589  4.42345798  0.        ]
 [ 4.09359717  4.36775582  0.        ]
 [ 3.56977532  4.0535464   0.        ]
 [ 6.39238975  4.2570162   0.        ]
 [ 5.87878095  4.51792559  0.        ]
 [ 5.66831364  4.36542251  0.        ]
 [ 3.43655925  5.61269805  0.        ]
 [ 4.19788685  6.28122341  0.        ]
 [ 3.77683727  8.20111264  0.        ]
 [ 4.28159997  6.29771491  0.        ]
 [ 5.13197631  5.43264461  0.        ]
 [ 4.00826347  5.99324941  0.        ]
 [ 9.15241744  6.10110519  0.        ]
 [ 8.96551591  5.58861266  0.        ]
 [10.62837583  2.05357064  0.        ]
 [ 5.69076888  4.33628292  0.        ]
 [ 7.69580602  4.12708585  0.        ]], Massive_XX_2D: [[ 1.49023764  6.34541836]
 [ 5.2412194   3.76522251]
 [ 6.5157344   4.2286781 ]
 [ 4.37487399  4.54850603]
 [ 4.63756589  4.42345798]
 [ 4.09359717  4.36775582]
 [ 3.56977532  4.0535464 ]
 [ 3.72543119  5.16243069]
 [ 3.72842737  5.31612285]
 [ 3.36648641  5.27774174]
 [ 5.28624482  4.79699406]
 [ 4.19788685  6.28122341]
 [ 3.77683727  8.20111264]
 [ 4.28159997  6.29771491]
 [ 5.13197631  5.43264461]
 [ 4.00826347  5.99324941]
 [ 9.15241744  6.10110519]
 [ 8.96551591  5.58861266]
 [10.62837583  2.05357064]
 [ 5.69076888  4.33628292]
 [ 7.69580602  4.12708585]]



                                                          NEW Y:
Massive_XX = [[1.49023764 6.34541836 0.        ]
 [4.94802172 5.24990976 0.        ]
 [5.06852634 4.30927873 0.        ]
 [4.98684765 4.18767722 0.        ]
 [5.09085976 3.97359699 0.        ]
 [2.98601367 6.9964474  0.        ]
 [3.22948953 7.12853564 0.        ]
 [4.0874177  5.78056543 0.        ]
 [4.26144333 6.15296092 0.        ]
 [4.22995624 5.14495509 0.        ]
 [4.99886112 5.49790559 0.        ]
 [3.77012487 5.03024648 0.        ]
 [3.29933217 4.81394645 0.        ]], Massive_XX_2D: [[1.49023764 6.34541836]
 [4.94802172 5.24990976]
 [5.06852634 4.30927873]
 [4.98684765 4.18767722]
 [3.68403403 4.55222584]
 [2.98601367 6.9964474 ]
 [3.22948953 7.12853564]
 [5.84428317 5.11037678]
 [5.80337777 5.53703708]
 [4.22995624 5.14495509]
 [4.99886112 5.49790559]
 [3.77012487 5.03024648]
 [3.29933217 4.81394645]]



                                                          NEW Y:
Massive_XX = [[1.49023764 6.34541836 0.        ]
 [3.35807934 4.13082849 0.        ]
 [3.3997016  4.06064644 0.        ]
 [3.44960232 3.97785335 0.        ]
 [3.4370972  3.98530866 0.        ]
 [3.30718155 4.12794736 0.        ]
 [3.30074377 4.04114425 0.        ]
 [3.46671943 3.91247514 0.        ]
 [3.37274476 4.082316   0.        ]
 [3.21793115 3.99525426 0.        ]
 [3.12617634 4.0707459  0.        ]
 [3.10179135 4.19209115 0.        ]
 [3.01871515 4.11226264 0.        ]], Massive_XX_2D: [[1.49023764 6.34541836]
 [3.35807934 4.13082849]
 [3.3997016  4.06064644]
 [3.44960232 3.97785335]
 [3.4370972  3.98530866]
 [3.30718155 4.12794736]
 [3.30074377 4.04114425]
 [3.46671943 3.91247514]
 [3.37274476 4.082316  ]
 [3.21793115 3.99525426]
 [3.12617634 4.0707459 ]
 [3.10179135 4.19209115]
 [3.01871515 4.11226264]]



                                                          NEW Y:
Massive_XX = [[1.49023764 6.34541836 0.        ]
 [2.9569508  4.39936864 0.        ]
 [2.64497189 4.21196956 0.        ]
 [2.06620142 4.04971161 0.        ]
 [1.6334215  4.01056089 0.        ]], Massive_XX_2D: [[1.49023764 6.34541836]
 [2.9569508  4.39936864]
 [2.64497189 4.21196956]
 [2.06620142 4.04971161]
 [1.6334215  4.01056089]]



                                                          NEW Y:
Massive_XX = [[1.49023764 6.34541836 0.        ]
 [3.67345415 4.66210007 0.        ]
 [5.07680816 5.41665762 0.        ]
 [2.87821864 4.56940026 0.        ]
 [3.40065112 3.7381617  0.        ]
 [2.82179176 3.5767973  0.        ]
 [3.67233397 4.66362097 0.        ]], Massive_XX_2D: [[1.49023764 6.34541836]
 [3.67345415 4.66210007]
 [5.07680816 5.41665762]
 [2.87821864 4.56940026]
 [3.40065112 3.7381617 ]
 [2.82179176 3.5767973 ]
 [3.67233397 4.66362097]]



                                                          NEW Y:
Massive_XX = [[ 1.63805554  6.38153727  0.        ]
 [15.06925638  7.15828435  0.        ]
 [13.74622201  4.98275229  0.        ]
 [13.53164068  5.49717465  0.        ]
 [12.93763563  2.36976513  0.        ]
 [13.39301673  4.89453986  0.        ]
 [13.3699493   4.81531976  0.        ]], Massive_XX_2D: [[ 1.63805554  6.38153727]
 [15.06925638  7.15828435]
 [13.74622201  4.98275229]
 [13.53164068  5.49717465]
 [12.93763563  2.36976513]
 [13.39301673  4.89453986]
 [13.3699493   4.81531976]]



                                                          NEW Y:
Massive_XX = [[ 1.63805554  6.38153727  0.        ]
 [11.468842   -0.33944761  0.        ]
 [12.30277008  4.66819156  0.        ]
 [14.91748028  5.88627574  0.        ]
 [14.21384629  5.86945703  0.        ]
 [11.28603969  6.16358203  0.        ]
 [14.29702471  6.44068957  0.        ]], Massive_XX_2D: [[ 1.63805554  6.38153727]
 [11.468842   -0.33944761]
 [12.30277008  4.66819156]
 [14.91748028  5.88627574]
 [14.21384629  5.86945703]
 [11.28603969  6.16358203]
 [14.29702471  6.44068957]]



                                                          NEW Y:
Massive_XX = [[1.63805554 6.38153727 0.        ]
 [3.11728148 1.40839119 0.        ]
 [3.11711585 1.36600115 0.        ]
 [3.21927741 1.42028232 0.        ]
 [3.2319412  1.46181901 0.        ]
 [3.25662188 1.57024682 0.        ]
 [3.21688801 1.56290586 0.        ]], Massive_XX_2D: [[1.63805554 6.38153727]
 [3.11728148 1.40839119]
 [3.11711585 1.36600115]
 [3.21927741 1.42028232]
 [3.2319412  1.46181901]
 [3.25662188 1.57024682]
 [3.21688801 1.56290586]]



                                                          NEW Y:
Massive_XX = [[ 1.63805554  6.38153727  0.        ]
 [ 7.56469193  0.96748227  0.        ]
 [ 6.85644434 -1.99769645  0.        ]
 [ 7.27897877  1.88389818  0.        ]
 [ 7.43565222  2.03638324  0.        ]
 [ 6.93901199  2.45526026  0.        ]
 [ 6.9821329   2.36033522  0.        ]], Massive_XX_2D: [[ 1.63805554  6.38153727]
 [ 7.56469193  0.96748227]
 [ 6.85644434 -1.99769645]
 [ 7.27897877  1.88389818]
 [ 7.43565222  2.03638324]
 [ 6.93901199  2.45526026]
 [ 6.9821329   2.36033522]]



                                                          NEW Y:
Massive_XX = [[1.63805554 6.38153727 0.        ]
 [3.9813221  0.50717422 0.        ]
 [4.04046961 0.57960568 0.        ]
 [4.54060946 0.18268682 0.        ]
 [4.55502383 0.01197888 0.        ]
 [4.60515645 0.56750207 0.        ]
 [4.51436562 0.32961281 0.        ]], Massive_XX_2D: [[1.63805554 6.38153727]
 [3.9813221  0.50717422]
 [4.04046961 0.57960568]
 [4.54060946 0.18268682]
 [4.55502383 0.01197888]
 [4.60515645 0.56750207]
 [4.51436562 0.32961281]]



                                                          NEW Y:
Massive_XX = [[1.63805554 6.38153727 0.        ]
 [4.33916308 2.60174326 0.        ]
 [4.34868637 2.69186371 0.        ]
 [4.32690354 2.67165223 0.        ]
 [4.43032213 2.56826978 0.        ]
 [4.14115035 3.23622808 0.        ]
 [4.06241389 3.12696574 0.        ]], Massive_XX_2D: [[1.63805554 6.38153727]
 [4.33916308 2.60174326]
 [4.34868637 2.69186371]
 [4.32690354 2.67165223]
 [4.43032213 2.56826978]
 [4.14115035 3.23622808]
 [4.06241389 3.12696574]]



                                                          NEW Y:
Massive_XX = [[1.63805554 6.38153727 0.        ]
 [6.933144   3.54355666 0.        ]
 [7.01726165 3.57197872 0.        ]
 [7.00968312 3.56112111 0.        ]
 [7.17059896 3.58439165 0.        ]
 [6.53974772 3.37054078 0.        ]
 [6.6364012  3.34552519 0.        ]], Massive_XX_2D: [[1.63805554 6.38153727]
 [3.99308161 4.5870737 ]
 [4.05342064 4.62048951]
 [3.93290543 4.67060543]
 [3.9233996  4.77317734]
 [3.35504984 4.59494328]
 [3.38589687 4.58486386]]



                                                          NEW Y:
Massive_XX = [[ 1.63805554  6.38153727  0.        ]
 [10.03292203  1.7147006   0.        ]
 [ 5.55554076  5.2247995   0.        ]
 [ 9.32465849  5.02841898  0.        ]
 [10.34675625  4.01552443  0.        ]
 [ 8.01831904  2.53562386  0.        ]
 [ 7.96231568  1.87396385  0.        ]], Massive_XX_2D: [[1.63805554 6.38153727]
 [4.7480792  5.95759811]
 [7.88735956 3.87292954]
 [7.28090605 5.32842643]
 [6.38203797 5.28258777]
 [2.2640498  5.54603136]
 [1.65593429 5.76141707]]



                                                          NEW Y:
Massive_XX = [[1.63805554 6.38153727 0.        ]
 [7.52395977 2.60123043 0.        ]
 [7.83965317 2.73186388 0.        ]
 [8.03248343 2.63379804 0.        ]
 [8.06901366 2.73387083 0.        ]
 [8.05747906 2.74787716 0.        ]
 [8.11951393 2.75453757 0.        ]], Massive_XX_2D: [[1.63805554 6.38153727]
 [1.81957868 5.14042073]
 [2.8546254  5.12790423]
 [3.0715359  5.1623866 ]
 [3.35417351 5.05958052]
 [3.40910689 5.01359753]
 [3.45002414 5.0574394 ]]



                                                          NEW Y:
Massive_XX = [[1.63805554e+00 6.38153727e+00 0.00000000e+00]
 [3.02111111e+11 5.34407303e+11 0.00000000e+00]
 [7.36324412e+00 2.93445837e+00 0.00000000e+00]
 [7.23345309e+00 2.89841049e+00 0.00000000e+00]
 [6.93900893e+00 3.33745920e+00 0.00000000e+00]
 [6.91977426e+00 3.43038246e+00 0.00000000e+00]
 [6.90526690e+00 3.54745705e+00 0.00000000e+00]], Massive_XX_2D: [[ 1.63805554e+00  6.38153727e+00]
 [ 5.81399569e+11  1.02844339e+12]
 [ 1.39320527e+00  5.26031285e+00]
 [ 5.29905758e-01  5.11461980e+00]
 [-6.28838959e-01  4.95576414e+00]
 [-6.07635449e-01  5.05494453e+00]
 [-8.77559819e-01  5.01915981e+00]]



                                                          NEW Y:
Massive_XX = [[1.63805554 6.38153727 0.        ]
 [7.03736868 3.03397379 0.        ]
 [7.39356897 2.61306797 0.        ]
 [7.08436733 3.48336511 0.        ]
 [1.88498969 5.37415178 0.        ]
 [1.88298112 5.36832776 0.        ]
 [1.80750952 5.46378029 0.        ]], Massive_XX_2D: [[1.63805554 6.38153727]
 [0.44678914 5.10350611]
 [3.04366231 5.43491203]
 [2.38199112 5.33261993]
 [6.91917134 3.45784221]
 [6.93749476 3.44375661]
 [7.0647977  3.48897675]]



                                                          NEW Y:
Massive_XX = [[1.63805554 6.38153727 0.        ]
 [1.77733127 5.4253895  0.        ]
 [1.55803013 5.43222558 0.        ]
 [1.48050413 5.45372596 0.        ]
 [1.38201688 5.42753012 0.        ]
 [6.9171528  3.21948792 0.        ]
 [7.0265515  3.28337136 0.        ]], Massive_XX_2D: [[1.63805554 6.38153727]
 [7.08945109 3.42421337]
 [7.12558019 3.37815709]
 [7.1629077  3.37703344]
 [7.07353168 3.3780419 ]
 [1.69247105 5.20682257]
 [1.54073656 5.32104525]]



                                                          NEW Y:
Massive_XX = [[1.63805554 6.38153727 0.        ]
 [7.55019172 2.71591564 0.        ]
 [7.56797805 2.77630884 0.        ]
 [7.50009508 2.83595633 0.        ]
 [7.5264081  2.7730084  0.        ]
 [7.54287957 2.77629287 0.        ]
 [7.50780649 2.81103796 0.        ]], Massive_XX_2D: [[1.63805554 6.38153727]
 [1.61156029 5.26426654]
 [1.72400671 5.29191792]
 [1.68073227 5.27222396]
 [1.72155799 5.25302399]
 [1.7575283  5.26270111]
 [1.73250532 5.2556537 ]]



                                                          NEW Y:
Massive_XX = [[1.63805554 6.38153727 0.        ]
 [7.32303873 3.10688529 0.        ]
 [7.2270917  3.02693703 0.        ]
 [7.33599438 2.92580843 0.        ]
 [7.69406031 2.64845215 0.        ]
 [7.83567605 2.66436702 0.        ]
 [8.69397283 2.61571829 0.        ]], Massive_XX_2D: [[1.63805554 6.38153727]
 [1.84854544 5.2881613 ]
 [1.35781593 5.2380779 ]
 [1.25877255 5.2440676 ]
 [1.77313898 5.34760321]
 [1.69540737 5.5260154 ]
 [3.4102165  5.83246317]]



                                                          NEW Y:
Massive_XX = [[1.63805554 6.38153727 0.        ]
 [7.78792443 3.17752211 0.        ]
 [8.36626394 1.79858411 0.        ]
 [8.25959772 1.97170009 0.        ]
 [8.02064368 2.39391828 0.        ]
 [4.41260289 1.74167141 0.        ]
 [4.32555165 0.42830825 0.        ]], Massive_XX_2D: [[1.63805554 6.38153727]
 [2.66967984 5.44796704]
 [2.7428214  5.9585246 ]
 [2.53928271 5.80635375]
 [2.04688285 5.60950438]
 [4.41260289 1.74167141]
 [3.57666681 2.76886077]]



                                                          NEW Y:
Massive_XX = [[1.63805554 6.38153727 0.        ]
 [9.45778202 0.66437766 0.        ]
 [8.88556284 0.83953535 0.        ]
 [8.6920096  0.94558093 0.        ]
 [8.65813328 0.92365519 0.        ]
 [8.43264936 1.11779652 0.        ]
 [8.65813328 0.92365519 0.        ]], Massive_XX_2D: [[1.63805554 6.38153727]
 [4.52169931 6.19852453]
 [4.12351738 6.21209437]
 [3.88847622 6.21093709]
 [3.87301982 6.23171285]
 [3.43579511 6.14738933]
 [3.87301982 6.23171285]]



                                                          NEW Y:
Massive_XX = [[1.63805554 6.38153727 0.        ]
 [7.33889127 2.98316199 0.        ]
 [7.50031808 2.88351449 0.        ]
 [7.91448131 2.25497697 0.        ]
 [7.89543822 2.28758034 0.        ]
 [7.82232877 2.33726418 0.        ]
 [7.1366566  3.19074911 0.        ]], Massive_XX_2D: [[1.63805554 6.38153727]
 [1.61589188 5.251182  ]
 [1.75584068 5.28673006]
 [1.92636654 5.49056995]
 [1.90009318 5.47343433]
 [1.83722523 5.39633348]
 [1.88882037 5.23932   ]]



                                                          NEW Y:
Massive_XX = [[1.63805554 6.38153727 0.        ]
 [7.0909434  2.68847505 0.        ]
 [7.35968885 2.69714198 0.        ]
 [7.50730629 2.68735804 0.        ]
 [7.57282347 2.69296686 0.        ]
 [7.53349546 2.73435567 0.        ]
 [7.56203039 2.70081304 0.        ]], Massive_XX_2D: [[1.63805554 6.38153727]
 [1.00718211 4.93277896]
 [1.60209189 5.08744841]
 [2.0236869  5.11644446]
 [2.1676022  5.13684056]
 [2.18704171 5.11708349]
 [2.22018681 5.1129308 ]]



                                                          NEW Y:
Massive_XX = [[1.63805554 6.38153727 0.        ]
 [7.88784584 2.83614384 0.        ]
 [7.65459151 2.76834752 0.        ]
 [7.73259592 2.92341903 0.        ]
 [6.86513562 3.1343054  0.        ]
 [6.93380617 3.05991248 0.        ]
 [6.99111411 3.05493655 0.        ]], Massive_XX_2D: [[1.63805554 6.38153727]
 [2.90956072 5.21100421]
 [2.30895001 5.20905168]
 [2.68948538 5.22123668]
 [1.08382627 5.18003067]
 [1.07284488 5.14057433]
 [1.14492116 5.15595182]]



                                                          NEW Y:
Massive_XX = [[1.63805554 6.38153727 0.        ]
 [7.54970112 2.8120052  0.        ]
 [6.66585211 2.87153288 0.        ]
 [6.7977307  2.75619884 0.        ]
 [7.44563625 2.73992643 0.        ]
 [7.20828357 2.80098871 0.        ]
 [7.20932187 3.30694659 0.        ]], Massive_XX_2D: [[1.63805554 6.38153727]
 [0.9660669  5.34862608]
 [0.77715179 4.90994596]
 [0.52842187 4.81711238]
 [1.23415317 5.41727015]
 [1.4010138  5.06725976]
 [0.15153652 5.29363094]]



                                                          NEW Y:
Massive_XX = [[ 1.63805554  6.38153727  0.        ]
 [ 0.83390542  5.10699816  0.        ]
 [ 0.74654683  4.97220554  0.        ]
 [ 0.70632161  5.03465314  0.        ]
 [ 0.89751394  4.96794131  0.        ]
 [-0.23621891  5.32179847  0.        ]
 [ 0.69688002  5.14154106  0.        ]], Massive_XX_2D: [[1.63805554 6.38153727]
 [5.97996288 3.04787966]
 [6.10872341 2.92296793]
 [6.12226681 2.98741481]
 [6.1340714  2.9382428 ]
 [6.29553003 3.38139827]
 [6.32088705 3.13017609]]



                                                          NEW Y:
Massive_XX = [[1.63805554 6.38153727 0.        ]
 [4.22644693 5.285254   0.        ]
 [4.8002094  5.10793257 0.        ]
 [7.12601758 3.25104135 0.        ]
 [0.97633776 5.35691598 0.        ]
 [3.98338667 4.03262882 0.        ]
 [7.43036943 3.43228254 0.        ]], Massive_XX_2D: [[ 1.63805554  6.38153727]
 [ 7.02122314  3.35307873]
 [ 7.00464239  3.59800517]
 [-0.15735252  5.12223347]
 [ 6.66992034  3.37831719]
 [ 3.98338667  4.03262882]
 [ 2.14632901  5.52805196]]



                                                          NEW Y:
Massive_XX = [[1.63805554 6.38153727 0.        ]
 [4.71582418 5.25647958 0.        ]
 [5.08355838 4.58129565 0.        ]
 [3.60157734 6.41603633 0.        ]
 [4.90412795 6.48329086 0.        ]
 [5.01974375 6.94823315 0.        ]
 [4.30665616 7.80235273 0.        ]], Massive_XX_2D: [[1.63805554 6.38153727]
 [7.57753808 3.31085393]
 [5.08355838 4.58129565]
 [4.91826738 5.59250113]
 [4.90412795 6.48329086]
 [5.01974375 6.94823315]
 [4.30665616 7.80235273]]



                                                          NEW Y:
Massive_XX = [[1.63805554 6.38153727 0.        ]
 [1.1355377  5.2544055  0.        ]
 [1.39248076 5.54814476 0.        ]
 [1.32326432 5.4009896  0.        ]
 [1.17503301 5.31063914 0.        ]
 [4.12441014 4.2840226  0.        ]
 [3.13012991 6.30526729 0.        ]], Massive_XX_2D: [[1.63805554 6.38153727]
 [5.87981076 3.24354774]
 [5.45753551 3.58060982]
 [5.87255498 3.44365335]
 [5.82414586 3.30414604]
 [4.12441014 4.2840226 ]
 [5.31183427 5.10391514]]



                                                          NEW Y:
Massive_XX = [[1.63805554 6.38153727 0.        ]
 [2.3413779  5.52046366 0.        ]
 [6.79647151 3.81956675 0.        ]
 [1.36232512 5.42720927 0.        ]
 [1.37133232 5.43204022 0.        ]
 [1.66782059 5.2557191  0.        ]
 [2.29169917 5.35017612 0.        ]], Massive_XX_2D: [[1.63805554 6.38153727]
 [6.6285783  3.82759822]
 [4.01017681 5.4227108 ]
 [6.11301528 3.50048392]
 [6.15785535 3.51005484]
 [6.67681614 3.34621916]
 [6.81900271 3.57995064]]



                                                          NEW Y:
Massive_XX = [[ 1.63805554  6.38153727  0.        ]
 [ 6.8776497   3.37523596  0.        ]
 [-0.54843033  5.27211031  0.        ]
 [ 2.29531485  5.39568243  0.        ]
 [ 0.36739171  5.3090037   0.        ]
 [ 0.26138086  5.30876915  0.        ]
 [ 7.05170979  3.63895248  0.        ]], Massive_XX_2D: [[ 1.63805554  6.38153727]
 [-0.68248275  5.09226961]
 [ 6.46809095  3.48159955]
 [ 7.00939874  3.56087896]
 [ 6.5873064   3.35448312]
 [ 6.55999471  3.3650625 ]
 [ 2.52131255  5.41352254]]



                                                          NEW Y:
Massive_XX = [[1.63805554 6.38153727 0.        ]
 [6.63174206 3.17048206 0.        ]
 [7.07926443 2.98054204 0.        ]
 [7.30692403 3.53478752 0.        ]
 [7.34744699 3.28971545 0.        ]
 [7.2851536  3.44790885 0.        ]
 [7.21868972 3.12056937 0.        ]], Massive_XX_2D: [[ 1.63805554e+00  6.38153727e+00]
 [-1.20443081e-01  5.04026960e+00]
 [ 1.40718527e-01  5.00482348e+00]
 [-3.31032328e-01  5.30346999e+00]
 [-6.11533145e-03  5.28492026e+00]
 [-3.04562549e-01  5.24791357e+00]
 [ 1.38452238e-01  5.16230462e+00]]



                                                          NEW Y:
Massive_XX = [[1.63805554 6.38153727 0.        ]
 [7.03931129 2.59452509 0.        ]
 [4.63124901 5.44705412 0.        ]
 [9.0711252  1.96147746 0.        ]
 [8.80507834 2.19662882 0.        ]
 [8.25448205 2.44567057 0.        ]
 [7.88231164 3.06242323 0.        ]], Massive_XX_2D: [[ 1.63805554  6.38153727]
 [ 3.95961022  3.61937683]
 [ 4.63124901  5.44705412]
 [ 4.03268743  5.57451054]
 [ 3.98038494  5.1705351 ]
 [ 1.9531697   5.98391243]
 [-0.20098165  5.50992093]]
