


                                                          NEW Y2:
1.95 
1.95 
2.1 
1.8 
1.95 
1.95 
1.95 
1.95 
2.1 
2.1 
4.2 
4.8 
4.8 
5.55 
6.0 
6.15 
6.3 
6.3 
6.0 
5.85 
4.05 
4.05 
4.05 
4.05 
4.05 
4.05 
3.9 
3.9 
3.9 
4.05 
2.1 
2.1 
2.1 
2.1 
2.1 
2.1 
2.1 
2.1 
2.1 
2.1 
5.4 
5.55 
5.7 
5.1 
4.65 
4.8 
4.95 
4.95 
4.8 
4.65 
4.2 
4.2 
4.05 
4.2 
4.05 
4.2 
4.2 
4.2 
4.2 
4.2 
2.1 
2.1 
2.1 
2.1 
2.1 
2.1 
2.1 
2.1 
1.95 
2.1 
5.85 
5.85 
5.85 
6.0 
6.3 
6.3 
6.45 
6.6 
6.6 
6.6 
4.2 
4.2 
4.2 
4.2 
4.2 
4.2 
4.35 
4.2 
4.2 
4.2 
2.1 
2.1 
2.1 
1.95 
2.1 
1.95 
2.1 
1.95 
1.95 
1.8 
3.75 
3.3 
3.45 
3.6 
3.45 
3.6 
3.6 
3.75 
3.6 
3.75 
4.35 
4.35 
4.35 
4.2 
4.2 
4.2 
4.2 
4.35 
4.2 
4.2 
1.95 
2.1 
2.1 
2.1 
2.1 
2.1 
2.1 
2.1 
2.25 
2.1 
5.85 
6.15 
6.15 
6.15 
6.0 
5.55 
5.4 
5.4 
5.4 
5.4 
4.2 
4.35 
4.2 
4.2 
4.2 
4.2 
4.2 
4.2 
4.2 
4.2 



                                                          NEW Y2:
1.35 
1.5 
1.8 
1.65 
1.95 
2.25 
2.25 
2.4 
2.25 
2.25 
3.75 
3.75 
3.9 
3.6 
3.3 
3.0 
3.3 
3.0 
2.55 
2.4 
3.75 
3.75 
3.75 
3.75 
3.9 
3.9 
3.9 
3.75 
3.75 
3.75 
1.8 
1.95 
1.95 
1.8 
1.8 
1.65 
1.65 
1.65 
1.8 
1.65 
2.7 
2.85 
3.9 
4.05 
3.0 
2.25 
2.55 
1.95 
2.25 
2.4 
3.75 
3.9 
3.75 
3.9 
3.75 
3.9 
3.9 
3.9 
3.9 
3.9 
1.8 
1.65 
1.65 
1.65 
1.8 
2.1 
1.65 
1.8 
1.35 
1.35 
5.55 
5.7 
5.55 
5.55 
5.7 
5.4 
5.4 
5.1 
5.1 
4.95 
3.9 
3.9 
4.05 
3.75 
3.75 
3.75 
3.75 
3.9 
4.05 
3.9 
2.4 
2.4 
2.4 
2.55 
2.55 
2.7 
2.7 
2.85 
2.85 
2.85 
4.35 
4.35 
4.35 
4.35 
4.35 
4.2 
4.35 
4.2 
4.35 
4.35 
3.9 
3.75 
3.9 
3.9 
3.9 
3.9 
3.9 
4.05 
4.05 
3.9 
2.85 
2.85 
2.85 
2.7 
2.7 
1.95 
1.95 
2.1 
1.8 
2.1 
4.35 
4.2 
4.2 
4.05 
3.75 
3.75 
4.05 
4.05 
4.35 
4.5 
3.9 
3.75 
3.75 
3.6 
3.75 
3.6 
3.75 
3.75 
3.75 
3.75 



                                                          NEW Y2:
0.82 
0.75 
0.75 
0.68 
0.75 
0.75 
0.75 
0.68 
0.68 
0.68 
1.05 
1.05 
1.05 
0.9 
0.98 
0.82 
0.82 
0.82 
0.82 
0.82 
2.17 
2.17 
2.17 
2.1 
2.1 
2.17 
2.17 
2.1 
2.17 
2.1 
1.12 
1.12 
1.12 
1.12 
1.12 
1.12 
1.12 
1.12 
1.12 
1.12 
0.82 
0.82 
0.82 
0.9 
0.9 
0.82 
0.9 
0.82 
0.82 
0.82 
2.1 
2.1 
2.1 
2.1 
2.17 
2.17 
2.1 
2.1 
2.03 
2.03 
1.05 
1.2 
1.27 
1.2 
1.2 
1.2 
1.2 
1.27 
1.27 
1.35 
1.73 
1.65 
1.73 
1.73 
1.65 
1.73 
1.73 
1.65 
1.65 
1.65 
2.17 
2.17 
2.17 
2.17 
2.17 
2.17 
2.17 
2.17 
2.17 
2.17 
1.2 
1.2 
1.2 
1.2 
1.12 
1.2 
1.2 
1.2 
1.2 
0.9 
0.9 
0.68 
1.2 
1.05 
1.35 
1.73 
1.5 
1.5 
1.2 
0.52 
2.25 
2.25 
2.17 
2.17 
2.17 
2.17 
2.17 
2.17 
2.17 
2.17 
0.75 
0.75 
0.75 
0.75 
0.75 
0.75 
0.75 
0.75 
0.75 
0.75 
0.3 
0.3 
0.3 
0.3 
0.22 
0.3 
0.3 
0.3 
0.22 
0.22 
2.17 
2.1 
2.1 
2.1 
2.1 
2.1 
2.1 
2.1 
2.17 
2.17 



                                                          NEW Y2:
1.42 
1.12 
0.68 
0.6 
0.9 
1.2 
1.27 
1.42 
1.12 
1.12 
0.52 
0.68 
0.6 
0.98 
1.2 
1.2 
1.2 
1.2 
1.2 
1.12 
1.42 
1.2 
1.5 
1.12 
0.52 
3.15 
1.42 
0.9 
1.27 
0.98 
1.35 
1.27 
1.65 
2.03 
1.5 
0.98 
0.98 
2.33 
1.2 
0.98 
1.27 
1.2 
0.9 
1.27 
1.2 
0.82 
1.65 
1.5 
0.82 
0.98 
0.98 
1.27 
1.58 
1.88 
1.27 
1.95 
2.62 
1.58 
1.05 
0.98 
0.38 
1.2 
1.35 
0.15 
2.1 
3.75 
0.98 
4.2 
1.35 
2.4 
2.25 
1.88 
1.35 
1.2 
2.47 
1.35 
1.2 
1.27 
0.98 
0.6 
1.42 
1.95 
1.88 
1.27 
1.2 
4.12 
1.05 
1.65 
1.95 
1.35 
1.12 
1.42 
1.35 
2.03 
1.35 
0.98 
0.75 
3.53 
1.35 
2.1 
3.38 
3.6 
1.5 
1.65 
1.95 
3.08 
2.17 
1.65 
2.85 
2.1 
1.35 
1.58 
1.27 
0.98 
2.47 
1.8 
0.82 
0.98 
1.5 
0.6 
1.2 
0.68 
1.35 
1.2 
0.98 
3.08 
1.27 
1.05 
0.98 
1.2 
1.88 
2.47 
2.7 
3.0 
2.33 
2.92 
4.88 
2.85 
1.5 
1.8 
1.8 
1.35 
2.78 
2.25 
1.73 
1.65 
2.1 
2.17 
2.17 
1.8 



                                                          NEW Y2:
1.88 
1.58 
1.8 
1.73 
1.88 
1.88 
1.88 
1.88 
1.8 
1.88 
1.35 
1.35 
1.42 
1.5 
1.5 
1.5 
1.5 
1.42 
1.42 
1.5 
1.27 
1.27 
1.27 
1.35 
1.35 
1.35 
1.35 
1.2 
1.2 
1.2 
1.88 
1.88 
1.88 
1.8 
1.88 
1.88 
1.88 
1.88 
1.88 
1.88 
1.5 
1.5 
1.42 
1.42 
1.42 
1.42 
1.42 
1.5 
1.42 
1.42 
1.2 
1.2 
1.2 
1.2 
1.2 
1.2 
1.2 
1.12 
1.12 
1.12 
1.88 
1.88 
1.88 
1.88 
1.88 
1.88 
1.88 
1.88 
1.88 
1.88 
1.5 
1.5 
1.5 
1.5 
1.42 
1.5 
1.5 
1.5 
1.42 
1.42 
1.2 
1.2 
1.2 
1.2 
1.2 
1.27 
1.2 
1.27 
1.35 
1.35 
1.88 
1.88 
1.88 
1.88 
1.95 
1.88 
1.88 
1.8 
1.88 
1.88 
1.42 
1.42 
1.42 
1.42 
1.42 
1.42 
1.42 
1.35 
1.42 
1.42 
1.2 
1.2 
1.2 
1.12 
1.2 
1.2 
1.2 
1.2 
1.2 
1.2 
1.73 
1.73 
1.73 
1.73 
1.73 
1.8 
1.8 
1.8 
1.88 
1.95 
1.42 
1.5 
1.5 
1.58 
1.5 
1.5 
1.5 
1.5 
1.5 
1.5 
1.12 
1.05 
1.12 
1.12 
1.2 
1.2 
1.2 
1.2 
1.2 
1.2 



                                                          NEW Y2:
1.88 
1.88 
1.88 
1.88 
1.8 
1.8 
1.8 
1.8 
1.88 
1.88 
1.27 
1.27 
1.27 
1.2 
1.2 
1.27 
1.27 
1.35 
1.35 
1.35 
1.73 
1.5 
1.2 
1.12 
1.12 
1.2 
1.27 
1.35 
1.2 
1.2 
1.95 
1.95 
1.95 
1.88 
1.95 
1.95 
1.95 
1.95 
1.95 
1.95 
1.35 
1.35 
1.35 
1.35 
1.35 
1.35 
1.27 
1.35 
1.35 
1.35 
1.12 
1.12 
0.98 
1.05 
1.05 
1.05 
1.05 
1.12 
1.2 
1.2 
1.73 
1.73 
1.73 
1.73 
1.73 
1.8 
1.73 
1.8 
1.8 
1.8 
1.35 
1.35 
1.35 
1.35 
1.35 
1.27 
1.27 
1.27 
1.27 
1.2 
1.12 
1.2 
1.27 
1.2 
1.2 
1.12 
1.2 
1.27 
1.27 
1.12 
2.03 
2.03 
2.03 
1.95 
2.03 
1.95 
2.03 
1.95 
2.03 
1.95 
1.27 
1.2 
1.2 
1.27 
1.2 
1.27 
1.27 
1.27 
1.27 
1.27 
1.27 
1.35 
1.27 
1.35 
1.35 
1.35 
1.35 
1.35 
1.27 
1.35 
2.03 
1.95 
1.95 
1.95 
1.95 
1.95 
1.95 
2.03 
2.03 
2.03 
1.27 
1.27 
1.27 
1.27 
1.35 
1.27 
1.27 
1.27 
1.27 
1.27 
1.2 
1.2 
1.2 
1.2 
1.2 
1.12 
1.12 
1.12 
1.27 
1.12 



                                                          NEW Y2:
1.05 
1.05 
1.05 
1.05 
1.05 
1.05 
1.05 
1.05 
1.05 
1.05 
0.75 
0.9 
0.9 
0.9 
0.98 
0.98 
0.9 
1.05 
1.05 
0.98 
0.15 
0.15 
0.08 
0.15 
0.22 
0.08 
0.08 
0.15 
0.22 
0.15 
1.05 
0.98 
1.05 
1.05 
1.05 
1.05 
0.98 
1.05 
0.98 
0.98 
0.98 
0.98 
0.98 
0.98 
0.98 
0.98 
1.05 
1.05 
0.98 
1.05 
0.22 
0.22 
0.22 
0.22 
0.22 
0.22 
0.22 
0.22 
0.22 
0.22 
0.98 
0.98 
0.98 
0.98 
1.05 
0.98 
1.05 
0.98 
0.98 
0.98 
0.98 
1.05 
0.98 
1.05 
1.05 
1.05 
1.05 
0.98 
1.05 
0.98 
0.3 
0.22 
0.22 
0.22 
0.3 
0.3 
0.3 
0.3 
0.3 
0.3 
0.98 
1.05 
1.05 
1.05 
1.05 
1.05 
0.98 
0.98 
1.05 
1.05 
0.98 
0.98 
0.98 
0.98 
0.9 
0.9 
0.9 
0.9 
0.9 
0.9 
0.45 
0.45 
0.45 
0.45 
0.52 
0.52 
0.52 
0.45 
0.45 
0.45 
1.05 
1.05 
1.05 
1.05 
0.98 
1.05 
1.05 
1.05 
1.05 
1.05 
0.98 
0.98 
0.98 
0.98 
0.98 
0.98 
0.98 
0.98 
0.98 
0.98 
0.45 
0.45 
0.45 
0.45 
0.38 
0.45 
0.45 
0.52 
0.45 
0.45 



                                                          NEW Y2:
1.12 
1.2 
1.2 
1.12 
1.12 
1.12 
1.2 
1.2 
1.2 
1.2 
1.05 
1.05 
0.98 
0.98 
0.9 
0.98 
1.12 
1.12 
1.12 
1.12 
0.52 
0.52 
0.45 
0.45 
0.52 
0.45 
0.45 
0.45 
0.45 
0.45 
1.2 
1.2 
1.12 
1.2 
1.2 
1.2 
1.12 
1.2 
1.12 
1.12 
1.12 
1.2 
1.12 
1.12 
1.2 
1.12 
1.05 
1.2 
1.2 
1.12 
0.3 
0.3 
0.3 
0.3 
0.45 
0.45 
0.45 
0.45 
0.52 
0.52 
1.2 
1.2 
1.27 
1.2 
1.2 
1.2 
1.2 
1.12 
1.12 
1.12 
1.05 
1.12 
1.05 
1.12 
1.12 
1.05 
1.05 
1.05 
1.12 
1.12 
0.45 
0.45 
0.38 
0.38 
0.45 
0.45 
0.45 
0.45 
0.45 
0.45 
1.12 
1.12 
1.12 
1.12 
1.12 
1.12 
1.12 
1.12 
1.2 
1.12 
1.05 
1.05 
1.05 
1.05 
1.12 
1.05 
1.12 
1.05 
1.12 
1.05 
0.3 
0.3 
0.38 
0.38 
0.38 
0.38 
0.3 
0.3 
0.3 
0.22 
1.12 
1.05 
1.05 
1.12 
1.12 
1.12 
1.2 
1.2 
1.2 
1.2 
1.12 
1.12 
1.12 
1.12 
1.12 
1.2 
1.12 
1.12 
1.12 
1.12 
0.38 
0.15 
0.22 
0.38 
0.15 
0.22 
0.38 
0.38 
0.45 
0.52 



                                                          NEW Y2:
1.05 
1.05 
1.12 
1.05 
1.12 
1.05 
1.12 
1.05 
1.05 
1.05 
0.82 
0.82 
0.82 
0.82 
0.9 
0.9 
0.9 
0.9 
0.9 
0.82 
0.22 
0.22 
0.22 
0.22 
0.22 
0.22 
0.3 
0.3 
0.22 
0.3 
1.05 
1.05 
1.05 
1.12 
1.12 
1.12 
1.12 
1.12 
1.12 
1.12 
0.82 
0.82 
0.82 
0.82 
0.82 
0.82 
0.82 
0.9 
0.98 
0.9 
0.3 
0.22 
0.15 
0.15 
0.15 
0.15 
0.15 
0.08 
0.08 
0.15 
1.12 
1.12 
1.05 
1.05 
1.12 
1.12 
1.05 
1.12 
1.12 
1.05 
0.9 
0.82 
0.9 
0.9 
0.82 
0.9 
0.9 
0.98 
0.9 
0.9 
0.3 
0.22 
0.22 
0.22 
0.08 
0.15 
0.15 
0.15 
0.08 
0.08 
1.12 
1.12 
1.12 
1.12 
1.12 
1.12 
1.12 
1.12 
1.12 
1.12 
0.82 
0.82 
0.82 
0.82 
0.82 
0.82 
0.9 
0.82 
0.82 
0.9 
0.22 
0.22 
0.22 
0.15 
0.15 
0.15 
0.15 
0.15 
0.22 
0.22 
1.12 
1.12 
1.12 
1.12 
1.12 
1.12 
1.12 
1.12 
1.12 
1.12 
0.82 
0.9 
0.9 
0.9 
0.82 
0.82 
0.82 
0.82 
0.82 
0.82 
0.15 
0.15 
0.15 
0.15 
0.15 
0.15 
0.15 
0.15 
0.15 
0.15 



                                                          NEW Y2:
1.2 
1.58 
1.73 
1.65 
3.45 
3.22 
2.92 
1.65 
0.9 
3.53 
4.43 
1.95 
2.17 
1.95 
1.35 
2.33 
1.88 
2.47 
2.4 
2.7 
1.65 
1.2 
2.33 
1.73 
1.95 
2.03 
1.65 
2.25 
1.8 
1.42 
2.47 
3.53 
1.73 
1.65 
2.17 
1.58 
1.58 
2.25 
3.0 
1.35 
2.62 
0.98 
1.8 
2.25 
2.47 
1.73 
1.42 
1.65 
1.73 
1.27 
1.8 
1.42 
1.27 
1.58 
1.95 
1.65 
2.17 
1.58 
2.25 
1.8 
1.73 
0.9 
1.5 
1.12 
2.85 
1.5 
1.95 
1.95 
2.25 
1.88 
2.17 
2.03 
1.27 
2.1 
1.42 
2.25 
2.62 
3.53 
2.03 
2.47 
2.85 
1.95 
1.95 
2.7 
1.58 
1.8 
1.58 
1.73 
1.65 
1.42 
1.27 
2.25 
2.1 
2.1 
0.98 
2.25 
1.35 
1.88 
1.27 
2.4 
1.35 
1.65 
1.8 
1.05 
2.17 
2.92 
1.5 
1.73 
1.73 
1.27 
4.05 
1.95 
1.88 
0.6 
1.5 
2.25 
2.1 
1.65 
0.68 
1.27 
2.25 
1.58 
2.47 
2.92 
2.4 
1.73 
1.5 
1.27 
1.35 
1.58 
2.25 
1.35 
0.68 
1.58 
2.55 
3.38 
1.12 
2.62 
1.73 
1.05 
1.27 
1.35 
2.78 
1.5 
1.12 
2.03 
1.58 
2.55 
1.27 
2.1 



                                                          NEW Y2:
0.0 
0.0 
0.0 
0.0 
0.0 
0.0 
0.08 
0.08 
0.08 
0.15 
1.27 
1.27 
1.27 
1.2 
1.27 
1.27 
1.2 
1.2 
1.2 
1.27 
1.42 
1.42 
1.42 
1.35 
1.27 
1.27 
1.27 
1.27 
1.27 
1.27 
0.3 
0.3 
0.22 
0.22 
0.3 
0.22 
0.3 
0.3 
0.22 
0.3 
1.35 
1.35 
1.42 
1.42 
1.42 
1.42 
1.42 
1.42 
1.42 
1.42 
1.12 
1.12 
1.12 
1.2 
1.12 
1.12 
1.12 
1.12 
1.2 
1.12 
0.15 
0.3 
0.38 
0.45 
0.45 
0.45 
0.38 
0.38 
0.38 
0.45 
1.42 
1.42 
1.42 
1.35 
1.42 
1.35 
1.42 
1.42 
1.42 
1.35 
1.12 
1.12 
1.12 
1.12 
1.12 
1.2 
1.12 
1.2 
1.12 
1.12 
0.45 
0.45 
0.45 
0.38 
0.45 
0.45 
0.45 
0.45 
0.38 
0.45 
1.42 
1.35 
1.35 
1.35 
1.42 
1.35 
1.42 
1.35 
1.42 
1.35 
1.12 
1.12 
1.2 
1.2 
1.12 
1.12 
1.2 
1.2 
1.2 
1.2 
0.45 
0.52 
0.52 
0.52 
0.45 
0.52 
0.45 
0.45 
0.45 
0.45 
1.35 
1.35 
1.35 
1.35 
1.35 
1.35 
1.35 
1.35 
1.12 
1.12 
1.2 
1.05 
1.2 
1.27 
1.27 
1.27 
1.27 
1.27 
1.2 
1.27 



                                                          NEW Y2:
0.38 
0.45 
0.52 
0.6 
0.45 
0.68 
0.38 
0.45 
0.68 
0.6 
1.05 
1.2 
1.35 
1.88 
1.42 
0.98 
1.12 
1.12 
1.2 
1.2 
1.35 
1.27 
1.35 
1.27 
1.35 
1.27 
1.35 
1.35 
1.35 
1.35 
0.38 
0.08 
0.22 
0.08 
0.22 
0.22 
0.22 
0.08 
0.15 
0.38 
1.12 
1.05 
1.12 
1.2 
1.12 
1.2 
1.2 
1.12 
1.27 
1.5 
1.12 
1.12 
1.65 
2.03 
2.1 
1.73 
3.6 
4.12 
3.0 
1.2 
0.68 
0.75 
0.45 
0.75 
0.75 
0.68 
0.6 
0.22 
0.15 
0.38 
1.2 
1.2 
1.12 
1.2 
1.2 
1.2 
1.2 
1.2 
1.2 
1.2 
1.2 
1.27 
1.2 
1.2 
1.2 
1.2 
1.2 
1.2 
1.2 
1.2 
0.52 
0.6 
0.45 
0.52 
0.6 
0.68 
0.68 
0.68 
0.6 
0.6 
1.12 
1.2 
1.12 
1.2 
1.12 
1.12 
1.12 
1.12 
1.12 
1.12 
1.2 
1.2 
1.2 
1.2 
1.2 
1.2 
1.2 
1.27 
1.05 
0.98 
0.6 
0.6 
0.6 
0.6 
0.68 
0.68 
0.6 
0.68 
0.68 
0.68 
1.27 
1.27 
1.27 
1.27 
1.27 
1.27 
1.27 
1.27 
1.27 
1.27 
1.35 
1.35 
1.35 
1.35 
1.35 
1.35 
1.35 
1.35 
1.35 
1.35 



                                                          NEW Y2:
0.22 
0.22 
0.3 
0.22 
0.22 
0.38 
0.45 
0.45 
0.45 
0.45 
1.2 
1.27 
1.2 
1.12 
1.2 
1.27 
1.2 
1.12 
1.12 
1.2 
0.98 
0.98 
1.05 
1.12 
1.12 
1.2 
1.2 
1.2 
1.2 
1.12 
0.3 
0.38 
0.38 
0.38 
0.38 
0.3 
0.3 
0.3 
0.3 
0.22 
1.27 
1.2 
1.27 
1.2 
1.12 
1.2 
1.2 
1.2 
1.2 
1.2 
1.12 
1.05 
1.05 
1.12 
1.05 
1.05 
1.05 
1.12 
0.98 
0.9 
0.08 
0.38 
0.38 
0.45 
0.38 
0.3 
0.08 
0.22 
0.22 
0.15 
1.27 
1.27 
1.35 
1.35 
1.27 
1.35 
1.27 
1.27 
1.27 
1.35 
1.05 
0.98 
0.98 
1.05 
0.98 
0.98 
0.98 
0.9 
0.98 
0.98 
0.3 
0.3 
0.22 
0.22 
0.22 
0.22 
0.22 
0.3 
0.3 
0.3 
1.27 
1.27 
1.35 
1.27 
1.35 
1.27 
1.35 
1.27 
1.27 
1.27 
0.98 
0.9 
0.98 
0.98 
0.98 
0.98 
0.98 
0.98 
0.98 
0.98 
0.22 
0.22 
0.22 
0.22 
0.22 
0.15 
0.15 
0.15 
0.15 
0.08 
1.27 
1.35 
1.27 
1.27 
1.27 
1.27 
1.27 
1.27 
1.27 
1.27 
0.98 
0.98 
0.98 
0.98 
0.98 
0.98 
0.98 
0.98 
0.98 
0.98 



                                                          NEW Y2:
0.68 
0.68 
0.75 
0.68 
0.68 
0.6 
0.6 
0.6 
0.6 
0.68 
0.45 
0.38 
0.38 
0.3 
0.3 
0.3 
0.38 
0.38 
0.38 
0.38 
1.58 
1.58 
1.65 
1.73 
1.73 
1.65 
1.8 
1.73 
1.65 
1.58 
0.75 
0.68 
0.68 
0.68 
0.68 
0.6 
0.68 
0.68 
0.6 
0.6 
0.38 
0.45 
0.45 
0.45 
0.38 
0.38 
0.3 
0.3 
0.3 
0.45 
1.58 
1.58 
1.58 
1.58 
1.5 
1.58 
1.5 
1.58 
1.58 
1.5 
0.6 
0.6 
0.6 
0.52 
0.52 
0.52 
0.52 
0.68 
0.6 
0.6 
0.45 
0.45 
0.45 
0.3 
0.3 
0.38 
0.52 
0.6 
0.38 
0.52 
1.8 
1.8 
1.8 
1.8 
1.8 
1.73 
1.73 
1.73 
1.65 
1.65 
0.45 
0.45 
0.52 
0.6 
0.52 
0.6 
0.68 
0.6 
0.6 
0.6 
0.68 
0.08 
0.0 
0.3 
0.38 
0.38 
0.22 
0.15 
0.15 
0.22 
1.58 
1.58 
1.58 
1.58 
1.58 
1.65 
1.65 
1.65 
1.65 
1.65 
0.82 
0.82 
0.75 
0.75 
0.82 
0.75 
0.75 
0.75 
0.75 
0.68 
0.3 
0.22 
0.38 
0.3 
0.0 
0.0 
0.0 
0.0 
0.0 
0.15 
1.58 
1.73 
1.58 
1.58 
1.58 
1.58 
1.5 
1.58 
1.5 
1.5 



                                                          NEW Y2:
0.6 
0.68 
0.6 
0.75 
0.68 
0.68 
0.68 
0.68 
0.68 
0.68 
0.68 
0.82 
0.75 
0.52 
0.3 
0.3 
0.3 
0.45 
0.6 
0.68 
1.8 
1.8 
1.73 
1.73 
1.8 
1.73 
1.8 
1.8 
1.73 
1.73 
0.6 
0.6 
0.68 
0.6 
0.68 
0.6 
0.6 
0.6 
0.6 
0.6 
0.52 
0.52 
0.52 
0.6 
0.68 
0.6 
0.45 
0.52 
0.52 
0.45 
1.58 
1.58 
1.58 
1.5 
1.58 
1.58 
1.58 
1.5 
1.5 
1.5 
0.45 
0.52 
0.52 
0.6 
0.52 
0.6 
0.6 
0.6 
0.6 
0.6 
0.22 
0.22 
0.22 
0.22 
0.22 
0.22 
0.22 
0.22 
0.3 
0.3 
1.42 
1.35 
1.5 
1.5 
1.5 
1.5 
1.5 
1.5 
1.5 
1.5 
0.6 
0.6 
0.68 
0.68 
0.6 
0.6 
0.6 
0.6 
0.68 
0.68 
0.45 
0.22 
0.22 
0.3 
0.3 
0.3 
0.3 
0.3 
0.3 
0.22 
1.73 
1.73 
1.73 
1.65 
1.65 
1.65 
1.65 
1.65 
1.73 
1.73 
0.75 
0.75 
0.68 
0.75 
0.75 
0.75 
0.75 
0.68 
0.68 
0.68 
0.22 
0.22 
0.22 
0.22 
0.22 
0.3 
0.22 
0.3 
0.3 
0.22 
1.73 
1.73 
1.73 
1.73 
1.8 
1.73 
1.73 
1.73 
1.8 
1.58 



                                                          NEW Y2:
1.12 
1.05 
1.42 
2.03 
1.5 
1.12 
0.98 
1.05 
1.65 
1.5 
1.2 
0.75 
1.5 
1.58 
1.12 
0.82 
1.65 
1.2 
4.05 
0.98 
1.5 
1.73 
1.27 
1.42 
1.42 
2.03 
1.88 
1.35 
1.35 
2.1 
1.27 
1.65 
0.9 
1.35 
2.92 
1.65 
1.27 
0.98 
2.17 
2.47 
0.9 
1.2 
1.2 
3.83 
0.68 
1.27 
1.12 
1.2 
1.27 
1.2 
1.42 
2.25 
1.8 
1.58 
1.65 
1.73 
1.95 
1.58 
1.35 
1.65 
1.12 
1.8 
1.65 
1.2 
0.82 
2.03 
2.17 
1.42 
0.6 
1.27 
2.62 
2.33 
0.68 
1.12 
2.03 
1.95 
0.6 
1.05 
1.73 
4.12 
1.05 
1.88 
1.5 
1.58 
1.5 
1.2 
1.95 
1.8 
1.5 
1.27 
2.25 
1.73 
1.12 
1.65 
1.95 
1.35 
1.2 
0.9 
1.95 
1.65 
1.12 
1.05 
2.17 
0.22 
1.88 
0.9 
2.17 
2.47 
0.68 
0.75 
1.2 
1.58 
1.27 
2.17 
1.2 
0.98 
2.1 
1.65 
1.2 
1.42 
1.42 
1.05 
1.2 
1.95 
1.35 
1.27 
1.05 
1.73 
1.42 
1.27 
3.0 
1.05 
2.92 
0.68 
1.27 
1.88 
2.47 
2.92 
0.82 
2.03 
1.8 
1.65 
1.12 
1.42 
1.8 
1.58 
1.12 
1.05 
1.12 
1.73 
